 -2.000000e+01  6.790714e-05 
 -1.999000e+01  1.317981e-04 
 -1.998000e+01  2.507360e-04 
 -1.997000e+01  4.675612e-04 
 -1.996000e+01  8.546226e-04 
 -1.995000e+01  1.531173e-03 
 -1.994000e+01  2.688986e-03 
 -1.993000e+01  4.628782e-03 
 -1.992000e+01  7.810144e-03 
 -1.991000e+01  1.291711e-02 
 -1.990000e+01  2.094045e-02 
 -1.989000e+01  3.327521e-02 
 -1.988000e+01  5.182861e-02 
 -1.987000e+01  7.912840e-02 
 -1.986000e+01  1.184157e-01 
 -1.985000e+01  1.737003e-01 
 -1.984000e+01  2.497501e-01 
 -1.983000e+01  3.519857e-01 
 -1.982000e+01  4.862488e-01 
 -1.981000e+01  6.584246e-01 
 -1.980000e+01  8.739120e-01 
 -1.979000e+01  1.136956e+00 
 -1.978000e+01  1.449884e+00 
 -1.977000e+01  1.812330e+00 
 -1.976000e+01  2.220524e+00 
 -1.975000e+01  2.666783e+00 
 -1.974000e+01  3.139309e+00 
 -1.973000e+01  3.622384e+00 
 -1.972000e+01  4.097029e+00 
 -1.971000e+01  4.542110e+00 
 -1.970000e+01  4.935833e+00 
 -1.969000e+01  5.257476e+00 
 -1.968000e+01  5.489190e+00 
 -1.967000e+01  5.617633e+00 
 -1.966000e+01  5.635242e+00 
 -1.965000e+01  5.540971e+00 
 -1.964000e+01  5.340394e+00 
 -1.963000e+01  5.045159e+00 
 -1.962000e+01  4.671867e+00 
 -1.961000e+01  4.240531e+00 
 -1.960000e+01  3.772803e+00 
 -1.959000e+01  3.290199e+00 
 -1.958000e+01  2.812511e+00 
 -1.957000e+01  2.356570e+00 
 -1.956000e+01  1.935445e+00 
 -1.955000e+01  1.558099e+00 
 -1.954000e+01  1.229486e+00 
 -1.953000e+01  9.509693e-01 
 -1.952000e+01  7.209807e-01 
 -1.951000e+01  5.357912e-01 
 -1.950000e+01  3.902866e-01 
 -1.949000e+01  2.786712e-01 
 -1.948000e+01  1.950442e-01 
 -1.947000e+01  1.338268e-01 
 -1.946000e+01  9.003885e-02 
 -1.945000e+01  5.944493e-02 
 -1.944000e+01  3.859649e-02 
 -1.943000e+01  2.480341e-02 
 -1.942000e+01  1.606519e-02 
 -1.941000e+01  1.098891e-02 
 -1.940000e+01  8.715411e-03 
 -1.939000e+01  8.870315e-03 
 -1.938000e+01  1.155161e-02 
 -1.937000e+01  1.736236e-02 
 -1.936000e+01  2.749384e-02 
 -1.935000e+01  4.386101e-02 
 -1.934000e+01  6.928819e-02 
 -1.933000e+01  1.077363e-01 
 -1.932000e+01  1.645544e-01 
 -1.931000e+01  2.467281e-01 
 -1.930000e+01  3.630823e-01 
 -1.929000e+01  5.243854e-01 
 -1.928000e+01  7.432909e-01 
 -1.927000e+01  1.034045e+00 
 -1.926000e+01  1.411900e+00 
 -1.925000e+01  1.892182e+00 
 -1.924000e+01  2.489006e+00 
 -1.923000e+01  3.213674e+00 
 -1.922000e+01  4.072838e+00 
 -1.921000e+01  5.066609e+00 
 -1.920000e+01  6.186802e+00 
 -1.919000e+01  7.415587e+00 
 -1.918000e+01  8.724803e+00 
 -1.917000e+01  1.007616e+01 
 -1.916000e+01  1.142248e+01 
 -1.915000e+01  1.271004e+01 
 -1.914000e+01  1.388189e+01 
 -1.913000e+01  1.488184e+01 
 -1.912000e+01  1.565893e+01 
 -1.911000e+01  1.617164e+01 
 -1.910000e+01  1.639157e+01 
 -1.909000e+01  1.630603e+01 
 -1.908000e+01  1.591926e+01 
 -1.907000e+01  1.525210e+01 
 -1.906000e+01  1.434011e+01 
 -1.905000e+01  1.323047e+01 
 -1.904000e+01  1.197790e+01 
 -1.903000e+01  1.064026e+01 
 -1.902000e+01  9.274097e+00 
 -1.901000e+01  7.930886e+00 
 -1.900000e+01  6.654032e+00 
 -1.899000e+01  5.477010e+00 
 -1.898000e+01  4.422627e+00 
 -1.897000e+01  3.503307e+00 
 -1.896000e+01  2.722202e+00 
 -1.895000e+01  2.074868e+00 
 -1.894000e+01  1.551216e+00 
 -1.893000e+01  1.137498e+00 
 -1.892000e+01  8.181068e-01 
 -1.891000e+01  5.770805e-01 
 -1.890000e+01  3.992231e-01 
 -1.889000e+01  2.708535e-01 
 -1.888000e+01  1.802105e-01 
 -1.887000e+01  1.175818e-01 
 -1.886000e+01  7.523205e-02 
 -1.885000e+01  4.720168e-02 
 -1.884000e+01  2.903978e-02 
 -1.883000e+01  1.751863e-02 
 -1.882000e+01  1.036260e-02 
 -1.881000e+01  6.010221e-03 
 -1.880000e+01  3.417876e-03 
 -1.879000e+01  1.905718e-03 
 -1.878000e+01  1.041813e-03 
 -1.877000e+01  5.583971e-04 
 -1.876000e+01  2.934361e-04 
 -1.875000e+01  1.511825e-04 
 -1.874000e+01  7.637207e-05 
 -1.873000e+01  3.784186e-05 
 -1.872000e+01  1.842559e-05 
 -1.871000e+01  8.896579e-06 
 -1.870000e+01  4.443038e-06 
 -1.869000e+01  2.690351e-06 
 -1.868000e+01  2.660530e-06 
 -1.867000e+01  4.320181e-06 
 -1.866000e+01  8.554831e-06 
 -1.865000e+01  1.755497e-05 
 -1.864000e+01  3.574074e-05 
 -1.863000e+01  7.151914e-05 
 -1.862000e+01  1.403918e-04 
 -1.861000e+01  2.702441e-04 
 -1.860000e+01  5.100770e-04 
 -1.859000e+01  9.440147e-04 
 -1.858000e+01  1.713126e-03 
 -1.857000e+01  3.048408e-03 
 -1.856000e+01  5.319077e-03 
 -1.855000e+01  9.100930e-03 
 -1.854000e+01  1.526965e-02 
 -1.853000e+01  2.512319e-02 
 -1.852000e+01  4.053516e-02 
 -1.851000e+01  6.413737e-02 
 -1.850000e+01  9.952330e-02 
 -1.849000e+01  1.514562e-01 
 -1.848000e+01  2.260552e-01 
 -1.847000e+01  3.309231e-01 
 -1.846000e+01  4.751694e-01 
 -1.845000e+01  6.692793e-01 
 -1.844000e+01  9.247804e-01 
 -1.843000e+01  1.253674e+00 
 -1.842000e+01  1.667619e+00 
 -1.841000e+01  2.176906e+00 
 -1.840000e+01  2.789271e+00 
 -1.839000e+01  3.508700e+00 
 -1.838000e+01  4.334348e+00 
 -1.837000e+01  5.259775e+00 
 -1.836000e+01  6.272655e+00 
 -1.835000e+01  7.355094e+00 
 -1.834000e+01  8.484607e+00 
 -1.833000e+01  9.635709e+00 
 -1.832000e+01  1.078196e+01 
 -1.831000e+01  1.189819e+01 
 -1.830000e+01  1.296261e+01 
 -1.829000e+01  1.395845e+01 
 -1.828000e+01  1.487477e+01 
 -1.827000e+01  1.570642e+01 
 -1.826000e+01  1.645295e+01 
 -1.825000e+01  1.711675e+01 
 -1.824000e+01  1.770074e+01 
 -1.823000e+01  1.820587e+01 
 -1.822000e+01  1.862920e+01 
 -1.821000e+01  1.896259e+01 
 -1.820000e+01  1.919259e+01 
 -1.819000e+01  1.930146e+01 
 -1.818000e+01  1.926917e+01 
 -1.817000e+01  1.907619e+01 
 -1.816000e+01  1.870654e+01 
 -1.815000e+01  1.815068e+01 
 -1.814000e+01  1.740770e+01 
 -1.813000e+01  1.648663e+01 
 -1.812000e+01  1.540652e+01 
 -1.811000e+01  1.419540e+01 
 -1.810000e+01  1.288834e+01 
 -1.809000e+01  1.152469e+01 
 -1.808000e+01  1.014514e+01 
 -1.807000e+01  8.788755e+00 
 -1.806000e+01  7.490414e+00 
 -1.805000e+01  6.278883e+00 
 -1.804000e+01  5.175611e+00 
 -1.803000e+01  4.194306e+00 
 -1.802000e+01  3.341206e+00 
 -1.801000e+01  2.615915e+00 
 -1.800000e+01  2.012604e+00 
 -1.799000e+01  1.521418e+00 
 -1.798000e+01  1.129895e+00 
 -1.797000e+01  8.242756e-01 
 -1.796000e+01  5.906084e-01 
 -1.795000e+01  4.155933e-01 
 -1.794000e+01  2.871639e-01 
 -1.793000e+01  1.948209e-01 
 -1.792000e+01  1.297595e-01 
 -1.791000e+01  8.483897e-02 
 -1.790000e+01  5.444541e-02 
 -1.789000e+01  3.429219e-02 
 -1.788000e+01  2.119618e-02 
 -1.787000e+01  1.285613e-02 
 -1.786000e+01  7.650994e-03 
 -1.785000e+01  4.467312e-03 
 -1.784000e+01  2.558961e-03 
 -1.783000e+01  1.437938e-03 
 -1.782000e+01  7.925883e-04 
 -1.781000e+01  4.285093e-04 
 -1.780000e+01  2.272236e-04 
 -1.779000e+01  1.181694e-04 
 -1.778000e+01  6.026896e-05 
 -1.777000e+01  3.014397e-05 
 -1.776000e+01  1.478453e-05 
 -1.775000e+01  7.110468e-06 
 -1.774000e+01  3.353188e-06 
 -1.773000e+01  1.550503e-06 
 -1.772000e+01  7.029583e-07 
 -1.771000e+01  3.124766e-07 
 -1.770000e+01  1.361844e-07 
 -1.769000e+01  5.819151e-08 
 -1.768000e+01  2.438234e-08 
 -1.767000e+01  1.002896e-08 
 -1.766000e+01  4.081034e-09 
 -1.765000e+01  1.729395e-09 
 -1.764000e+01  9.886614e-10 
 -1.763000e+01  1.218871e-09 
 -1.762000e+01  2.638117e-09 
 -1.761000e+01  6.507069e-09 
 -1.760000e+01  1.612220e-08 
 -1.759000e+01  3.929695e-08 
 -1.758000e+01  9.394231e-08 
 -1.757000e+01  2.201616e-07 
 -1.756000e+01  5.057940e-07 
 -1.755000e+01  1.139082e-06 
 -1.754000e+01  2.514706e-06 
 -1.753000e+01  5.442166e-06 
 -1.752000e+01  1.154546e-05 
 -1.751000e+01  2.401087e-05 
 -1.750000e+01  4.895136e-05 
 -1.749000e+01  9.783295e-05 
 -1.748000e+01  1.916782e-04 
 -1.747000e+01  3.681556e-04 
 -1.746000e+01  6.932122e-04 
 -1.745000e+01  1.279623e-03 
 -1.744000e+01  2.315717e-03 
 -1.743000e+01  4.108495e-03 
 -1.742000e+01  7.146308e-03 
 -1.741000e+01  1.218684e-02 
 -1.740000e+01  2.037606e-02 
 -1.739000e+01  3.340262e-02 
 -1.738000e+01  5.368885e-02 
 -1.737000e+01  8.461454e-02 
 -1.736000e+01  1.307612e-01 
 -1.735000e+01  1.981541e-01 
 -1.734000e+01  2.944676e-01 
 -1.733000e+01  4.291453e-01 
 -1.732000e+01  6.133780e-01 
 -1.731000e+01  8.598775e-01 
 -1.730000e+01  1.182389e+00 
 -1.729000e+01  1.594899e+00 
 -1.728000e+01  2.110538e+00 
 -1.727000e+01  2.740198e+00 
 -1.726000e+01  3.490963e+00 
 -1.725000e+01  4.364488e+00 
 -1.724000e+01  5.355507e+00 
 -1.723000e+01  6.450695e+00 
 -1.722000e+01  7.628073e+00 
 -1.721000e+01  8.857151e+00 
 -1.720000e+01  1.009989e+01 
 -1.719000e+01  1.131252e+01 
 -1.718000e+01  1.244806e+01 
 -1.717000e+01  1.345940e+01 
 -1.716000e+01  1.430263e+01 
 -1.715000e+01  1.494018e+01 
 -1.714000e+01  1.534365e+01 
 -1.713000e+01  1.549584e+01 
 -1.712000e+01  1.539186e+01 
 -1.711000e+01  1.503926e+01 
 -1.710000e+01  1.445719e+01 
 -1.709000e+01  1.367464e+01 
 -1.708000e+01  1.272810e+01 
 -1.707000e+01  1.165888e+01 
 -1.706000e+01  1.051020e+01 
 -1.705000e+01  9.324568e+00 
 -1.704000e+01  8.141386e+00 
 -1.703000e+01  6.995114e+00 
 -1.702000e+01  5.913986e+00 
 -1.701000e+01  4.919325e+00 
 -1.700000e+01  4.025417e+00 
 -1.699000e+01  3.239877e+00 
 -1.698000e+01  2.564387e+00 
 -1.697000e+01  1.995704e+00 
 -1.696000e+01  1.526804e+00 
 -1.695000e+01  1.148049e+00 
 -1.694000e+01  8.482869e-01 
 -1.693000e+01  6.158095e-01 
 -1.692000e+01  4.391268e-01 
 -1.691000e+01  3.075353e-01 
 -1.690000e+01  2.114884e-01 
 -1.689000e+01  1.427888e-01 
 -1.688000e+01  9.463489e-02 
 -1.687000e+01  6.155972e-02 
 -1.686000e+01  3.929824e-02 
 -1.685000e+01  2.461661e-02 
 -1.684000e+01  1.512913e-02 
 -1.683000e+01  9.121936e-03 
 -1.682000e+01  5.395197e-03 
 -1.681000e+01  3.129962e-03 
 -1.680000e+01  1.780944e-03 
 -1.679000e+01  9.938307e-04 
 -1.678000e+01  5.438808e-04 
 -1.677000e+01  2.918905e-04 
 -1.676000e+01  1.536485e-04 
 -1.675000e+01  7.939909e-05 
 -1.674000e+01  4.045024e-05 
 -1.673000e+01  2.070777e-05 
 -1.672000e+01  1.151172e-05 
 -1.671000e+01  8.652538e-06 
 -1.670000e+01  1.085377e-05 
 -1.669000e+01  1.934101e-05 
 -1.668000e+01  3.840843e-05 
 -1.667000e+01  7.718707e-05 
 -1.666000e+01  1.531611e-04 
 -1.665000e+01  2.984228e-04 
 -1.664000e+01  5.702583e-04 
 -1.663000e+01  1.068455e-03 
 -1.662000e+01  1.962754e-03 
 -1.661000e+01  3.535080e-03 
 -1.660000e+01  6.242533e-03 
 -1.659000e+01  1.080827e-02 
 -1.658000e+01  1.834812e-02 
 -1.657000e+01  3.054036e-02 
 -1.656000e+01  4.984390e-02 
 -1.655000e+01  7.976532e-02 
 -1.654000e+01  1.251672e-01 
 -1.653000e+01  1.925984e-01 
 -1.652000e+01  2.906118e-01 
 -1.651000e+01  4.300181e-01 
 -1.650000e+01  6.240072e-01 
 -1.649000e+01  8.880561e-01 
 -1.648000e+01  1.239539e+00 
 -1.647000e+01  1.696965e+00 
 -1.646000e+01  2.278797e+00 
 -1.645000e+01  3.001852e+00 
 -1.644000e+01  3.879347e+00 
 -1.643000e+01  4.918734e+00 
 -1.642000e+01  6.119525e+00 
 -1.641000e+01  7.471404e+00 
 -1.640000e+01  8.952888e+00 
 -1.639000e+01  1.053086e+01 
 -1.638000e+01  1.216114e+01 
 -1.637000e+01  1.379027e+01 
 -1.636000e+01  1.535837e+01 
 -1.635000e+01  1.680295e+01 
 -1.634000e+01  1.806324e+01 
 -1.633000e+01  1.908469e+01 
 -1.632000e+01  1.982305e+01 
 -1.631000e+01  2.024762e+01 
 -1.630000e+01  2.034333e+01 
 -1.629000e+01  2.011142e+01 
 -1.628000e+01  1.956880e+01 
 -1.627000e+01  1.874608e+01 
 -1.626000e+01  1.768474e+01 
 -1.625000e+01  1.643372e+01 
 -1.624000e+01  1.504576e+01 
 -1.623000e+01  1.357401e+01 
 -1.622000e+01  1.206903e+01 
 -1.621000e+01  1.057640e+01 
 -1.620000e+01  9.135064e+00 
 -1.619000e+01  7.776354e+00 
 -1.618000e+01  6.523633e+00 
 -1.617000e+01  5.392474e+00 
 -1.616000e+01  4.391244e+00 
 -1.615000e+01  3.521984e+00 
 -1.614000e+01  2.781464e+00 
 -1.613000e+01  2.162330e+00 
 -1.612000e+01  1.654257e+00 
 -1.611000e+01  1.245043e+00 
 -1.610000e+01  9.215806e-01 
 -1.609000e+01  6.706882e-01 
 -1.608000e+01  4.797572e-01 
 -1.607000e+01  3.372230e-01 
 -1.606000e+01  2.328609e-01 
 -1.605000e+01  1.579269e-01 
 -1.604000e+01  1.051722e-01 
 -1.603000e+01  6.876132e-02 
 -1.602000e+01  4.412728e-02 
 -1.601000e+01  2.779194e-02 
 -1.600000e+01  1.717575e-02 
 -1.599000e+01  1.041456e-02 
 -1.598000e+01  6.195038e-03 
 -1.597000e+01  3.614767e-03 
 -1.596000e+01  2.068760e-03 
 -1.595000e+01  1.161178e-03 
 -1.594000e+01  6.391686e-04 
 -1.593000e+01  3.450112e-04 
 -1.592000e+01  1.826116e-04 
 -1.591000e+01  9.477208e-05 
 -1.590000e+01  4.822487e-05 
 -1.589000e+01  2.405939e-05 
 -1.588000e+01  1.176812e-05 
 -1.587000e+01  5.643211e-06 
 -1.586000e+01  2.652968e-06 
 -1.585000e+01  1.222686e-06 
 -1.584000e+01  5.524167e-07 
 -1.583000e+01  2.446701e-07 
 -1.582000e+01  1.062309e-07 
 -1.581000e+01  4.521387e-08 
 -1.580000e+01  1.886421e-08 
 -1.579000e+01  7.715203e-09 
 -1.578000e+01  3.093105e-09 
 -1.577000e+01  1.215564e-09 
 -1.576000e+01  4.682722e-10 
 -1.575000e+01  1.768427e-10 
 -1.574000e+01  6.551285e-11 
 -1.573000e+01  2.393933e-11 
 -1.572000e+01  9.025030e-12 
 -1.571000e+01  4.656528e-12 
 -1.570000e+01  5.966726e-12 
 -1.569000e+01  1.442431e-11 
 -1.568000e+01  3.932424e-11 
 -1.567000e+01  1.070296e-10 
 -1.566000e+01  2.861632e-10 
 -1.565000e+01  7.501531e-10 
 -1.564000e+01  1.927585e-09 
 -1.563000e+01  4.855040e-09 
 -1.562000e+01  1.198633e-08 
 -1.561000e+01  2.900641e-08 
 -1.560000e+01  6.880434e-08 
 -1.559000e+01  1.599749e-07 
 -1.558000e+01  3.645876e-07 
 -1.557000e+01  8.144530e-07 
 -1.556000e+01  1.783382e-06 
 -1.555000e+01  3.827691e-06 
 -1.554000e+01  8.052737e-06 
 -1.553000e+01  1.660597e-05 
 -1.552000e+01  3.356598e-05 
 -1.551000e+01  6.650414e-05 
 -1.550000e+01  1.291553e-04 
 -1.549000e+01  2.458614e-04 
 -1.548000e+01  4.587570e-04 
 -1.547000e+01  8.390538e-04 
 -1.546000e+01  1.504221e-03 
 -1.545000e+01  2.643314e-03 
 -1.544000e+01  4.553037e-03 
 -1.543000e+01  7.687224e-03 
 -1.542000e+01  1.272198e-02 
 -1.541000e+01  2.063750e-02 
 -1.540000e+01  3.281548e-02 
 -1.539000e+01  5.114710e-02 
 -1.538000e+01  7.814237e-02 
 -1.537000e+01  1.170251e-01 
 -1.536000e+01  1.717919e-01 
 -1.535000e+01  2.472091e-01 
 -1.534000e+01  3.487172e-01 
 -1.533000e+01  4.822165e-01 
 -1.532000e+01  6.537136e-01 
 -1.531000e+01  8.688275e-01 
 -1.530000e+01  1.132173e+00 
 -1.529000e+01  1.446673e+00 
 -1.528000e+01  1.812874e+00 
 -1.527000e+01  2.228382e+00 
 -1.526000e+01  2.687523e+00 
 -1.525000e+01  3.181361e+00 
 -1.524000e+01  3.698169e+00 
 -1.523000e+01  4.224379e+00 
 -1.522000e+01  4.746001e+00 
 -1.521000e+01  5.250404e+00 
 -1.520000e+01  5.728238e+00 
 -1.519000e+01  6.175265e+00 
 -1.518000e+01  6.593773e+00 
 -1.517000e+01  6.993297e+00 
 -1.516000e+01  7.390394e+00 
 -1.515000e+01  7.807353e+00 
 -1.514000e+01  8.269852e+00 
 -1.513000e+01  8.803741e+00 
 -1.512000e+01  9.431295e+00 
 -1.511000e+01  1.016740e+01 
 -1.510000e+01  1.101620e+01 
 -1.509000e+01  1.196878e+01 
 -1.508000e+01  1.300220e+01 
 -1.507000e+01  1.408032e+01 
 -1.506000e+01  1.515624e+01 
 -1.505000e+01  1.617633e+01 
 -1.504000e+01  1.708526e+01 
 -1.503000e+01  1.783140e+01 
 -1.502000e+01  1.837197e+01 
 -1.501000e+01  1.867713e+01 
 -1.500000e+01  1.873257e+01 
 -1.499000e+01  1.854015e+01 
 -1.498000e+01  1.811674e+01 
 -1.497000e+01  1.749142e+01 
 -1.496000e+01  1.670148e+01 
 -1.495000e+01  1.578806e+01 
 -1.494000e+01  1.479181e+01 
 -1.493000e+01  1.374949e+01 
 -1.492000e+01  1.269153e+01 
 -1.491000e+01  1.164104e+01 
 -1.490000e+01  1.061397e+01 
 -1.489000e+01  9.620342e+00 
 -1.488000e+01  8.665981e+00 
 -1.487000e+01  7.754516e+00 
 -1.486000e+01  6.889148e+00 
 -1.485000e+01  6.073992e+00 
 -1.484000e+01  5.314831e+00 
 -1.483000e+01  4.619277e+00 
 -1.482000e+01  3.996461e+00 
 -1.481000e+01  3.456372e+00 
 -1.480000e+01  3.009046e+00 
 -1.479000e+01  2.663739e+00 
 -1.478000e+01  2.428191e+00 
 -1.477000e+01  2.308043e+00 
 -1.476000e+01  2.306407e+00 
 -1.475000e+01  2.423612e+00 
 -1.474000e+01  2.657082e+00 
 -1.473000e+01  3.001360e+00 
 -1.472000e+01  3.448286e+00 
 -1.471000e+01  3.987330e+00 
 -1.470000e+01  4.606098e+00 
 -1.469000e+01  5.290994e+00 
 -1.468000e+01  6.027977e+00 
 -1.467000e+01  6.803350e+00 
 -1.466000e+01  7.604444e+00 
 -1.465000e+01  8.420098e+00 
 -1.464000e+01  9.240814e+00 
 -1.463000e+01  1.005855e+01 
 -1.462000e+01  1.086615e+01 
 -1.461000e+01  1.165650e+01 
 -1.460000e+01  1.242158e+01 
 -1.459000e+01  1.315152e+01 
 -1.458000e+01  1.383402e+01 
 -1.457000e+01  1.445411e+01 
 -1.456000e+01  1.499445e+01 
 -1.455000e+01  1.543614e+01 
 -1.454000e+01  1.576004e+01 
 -1.453000e+01  1.594822e+01 
 -1.452000e+01  1.598567e+01 
 -1.451000e+01  1.586178e+01 
 -1.450000e+01  1.557151e+01 
 -1.449000e+01  1.511621e+01 
 -1.448000e+01  1.450381e+01 
 -1.447000e+01  1.374862e+01 
 -1.446000e+01  1.287055e+01 
 -1.445000e+01  1.189402e+01 
 -1.444000e+01  1.084656e+01 
 -1.443000e+01  9.757270e+00 
 -1.442000e+01  8.655268e+00 
 -1.441000e+01  7.568179e+00 
 -1.440000e+01  6.520849e+00 
 -1.439000e+01  5.534297e+00 
 -1.438000e+01  4.625000e+00 
 -1.437000e+01  3.804520e+00 
 -1.436000e+01  3.079492e+00 
 -1.435000e+01  2.451921e+00 
 -1.434000e+01  1.919754e+00 
 -1.433000e+01  1.477635e+00 
 -1.432000e+01  1.117763e+00 
 -1.431000e+01  8.307692e-01 
 -1.430000e+01  6.065324e-01 
 -1.429000e+01  4.348849e-01 
 -1.428000e+01  3.061635e-01 
 -1.427000e+01  2.115977e-01 
 -1.426000e+01  1.435405e-01 
 -1.425000e+01  9.556056e-02 
 -1.424000e+01  6.242588e-02 
 -1.423000e+01  4.001103e-02 
 -1.422000e+01  2.515805e-02 
 -1.421000e+01  1.551723e-02 
 -1.420000e+01  9.387588e-03 
 -1.419000e+01  5.570105e-03 
 -1.418000e+01  3.241252e-03 
 -1.417000e+01  1.849593e-03 
 -1.416000e+01  1.034976e-03 
 -1.415000e+01  5.678775e-04 
 -1.414000e+01  3.055141e-04 
 -1.413000e+01  1.611551e-04 
 -1.412000e+01  8.334487e-05 
 -1.411000e+01  4.225939e-05 
 -1.410000e+01  2.100710e-05 
 -1.409000e+01  1.023759e-05 
 -1.408000e+01  4.891132e-06 
 -1.407000e+01  2.290834e-06 
 -1.406000e+01  1.051825e-06 
 -1.405000e+01  4.734274e-07 
 -1.404000e+01  2.088900e-07 
 -1.403000e+01  9.035081e-08 
 -1.402000e+01  3.830824e-08 
 -1.401000e+01  1.592189e-08 
 -1.400000e+01  6.486880e-09 
 -1.399000e+01  2.590678e-09 
 -1.398000e+01  1.014202e-09 
 -1.397000e+01  3.891949e-10 
 -1.396000e+01  1.463993e-10 
 -1.395000e+01  5.398074e-11 
 -1.394000e+01  1.951034e-11 
 -1.393000e+01  6.912187e-12 
 -1.392000e+01  2.400434e-12 
 -1.391000e+01  8.171215e-13 
 -1.390000e+01  2.726497e-13 
 -1.389000e+01  8.917522e-14 
 -1.388000e+01  2.858929e-14 
 -1.387000e+01  8.984250e-15 
 -1.386000e+01  2.767445e-15 
 -1.385000e+01  8.355924e-16 
 -1.384000e+01  2.473020e-16 
 -1.383000e+01  7.174281e-17 
 -1.382000e+01  2.040084e-17 
 -1.381000e+01  5.686742e-18 
 -1.380000e+01  1.555383e-18 
 -1.379000e+01  4.234009e-19 
 -1.378000e+01  1.384007e-19 
 -1.377000e+01  1.417239e-19 
 -1.376000e+01  4.406984e-19 
 -1.375000e+01  1.623891e-18 
 -1.374000e+01  5.949221e-18 
 -1.373000e+01  2.138591e-17 
 -1.372000e+01  7.536672e-17 
 -1.371000e+01  2.603710e-16 
 -1.370000e+01  8.817944e-16 
 -1.369000e+01  2.927559e-15 
 -1.368000e+01  9.528183e-15 
 -1.367000e+01  3.040066e-14 
 -1.366000e+01  9.508830e-14 
 -1.365000e+01  2.915714e-13 
 -1.364000e+01  8.764750e-13 
 -1.363000e+01  2.582937e-12 
 -1.362000e+01  7.462269e-12 
 -1.361000e+01  2.113558e-11 
 -1.360000e+01  5.868772e-11 
 -1.359000e+01  1.597621e-10 
 -1.358000e+01  4.263808e-10 
 -1.357000e+01  1.115637e-09 
 -1.356000e+01  2.861899e-09 
 -1.355000e+01  7.197743e-09 
 -1.354000e+01  1.774818e-08 
 -1.353000e+01  4.290741e-08 
 -1.352000e+01  1.017038e-07 
 -1.351000e+01  2.363604e-07 
 -1.350000e+01  5.385812e-07 
 -1.349000e+01  1.203299e-06 
 -1.348000e+01  2.636022e-06 
 -1.347000e+01  5.662206e-06 
 -1.346000e+01  1.192592e-05 
 -1.345000e+01  2.463073e-05 
 -1.344000e+01  4.988287e-05 
 -1.343000e+01  9.906614e-05 
 -1.342000e+01  1.929347e-04 
 -1.341000e+01  3.684847e-04 
 -1.340000e+01  6.901862e-04 
 -1.339000e+01  1.267844e-03 
 -1.338000e+01  2.284204e-03 
 -1.337000e+01  4.036368e-03 
 -1.336000e+01  6.996055e-03 
 -1.335000e+01  1.189443e-02 
 -1.334000e+01  1.983743e-02 
 -1.333000e+01  3.245669e-02 
 -1.332000e+01  5.209883e-02 
 -1.331000e+01  8.205168e-02 
 -1.330000e+01  1.267992e-01 
 -1.329000e+01  1.922877e-01 
 -1.328000e+01  2.861759e-01 
 -1.327000e+01  4.180279e-01 
 -1.326000e+01  5.993991e-01 
 -1.325000e+01  8.437582e-01 
 -1.324000e+01  1.166187e+00 
 -1.323000e+01  1.582809e+00 
 -1.322000e+01  2.109921e+00 
 -1.321000e+01  2.762832e+00 
 -1.320000e+01  3.554446e+00 
 -1.319000e+01  4.493694e+00 
 -1.318000e+01  5.583941e+00 
 -1.317000e+01  6.821537e+00 
 -1.316000e+01  8.194708e+00 
 -1.315000e+01  9.682962e+00 
 -1.314000e+01  1.125715e+01 
 -1.313000e+01  1.288031e+01 
 -1.312000e+01  1.450918e+01 
 -1.311000e+01  1.609655e+01 
 -1.310000e+01  1.759397e+01 
 -1.309000e+01  1.895482e+01 
 -1.308000e+01  2.013743e+01 
 -1.307000e+01  2.110779e+01 
 -1.306000e+01  2.184185e+01 
 -1.305000e+01  2.232692e+01 
 -1.304000e+01  2.256234e+01 
 -1.303000e+01  2.255901e+01 
 -1.302000e+01  2.233827e+01 
 -1.301000e+01  2.192993e+01 
 -1.300000e+01  2.136985e+01 
 -1.299000e+01  2.069728e+01 
 -1.298000e+01  1.995224e+01 
 -1.297000e+01  1.917317e+01 
 -1.296000e+01  1.839502e+01 
 -1.295000e+01  1.764788e+01 
 -1.294000e+01  1.695627e+01 
 -1.293000e+01  1.633882e+01 
 -1.292000e+01  1.580848e+01 
 -1.291000e+01  1.537284e+01 
 -1.290000e+01  1.503466e+01 
 -1.289000e+01  1.479220e+01 
 -1.288000e+01  1.463946e+01 
 -1.287000e+01  1.456630e+01 
 -1.286000e+01  1.455836e+01 
 -1.285000e+01  1.459711e+01 
 -1.284000e+01  1.466007e+01 
 -1.283000e+01  1.472137e+01 
 -1.282000e+01  1.475285e+01 
 -1.281000e+01  1.472554e+01 
 -1.280000e+01  1.461173e+01 
 -1.279000e+01  1.438718e+01 
 -1.278000e+01  1.403338e+01 
 -1.277000e+01  1.353946e+01 
 -1.276000e+01  1.290351e+01 
 -1.275000e+01  1.213314e+01 
 -1.274000e+01  1.124499e+01 
 -1.273000e+01  1.026342e+01 
 -1.272000e+01  9.218461e+00 
 -1.271000e+01  8.143165e+00 
 -1.270000e+01  7.070923e+00 
 -1.269000e+01  6.032866e+00 
 -1.268000e+01  5.055728e+00 
 -1.267000e+01  4.160354e+00 
 -1.266000e+01  3.360927e+00 
 -1.265000e+01  2.664917e+00 
 -1.264000e+01  2.073638e+00 
 -1.263000e+01  1.583243e+00 
 -1.262000e+01  1.185983e+00 
 -1.261000e+01  8.715356e-01 
 -1.260000e+01  6.282509e-01 
 -1.259000e+01  4.442159e-01 
 -1.258000e+01  3.080662e-01 
 -1.257000e+01  2.095380e-01 
 -1.256000e+01  1.397762e-01 
 -1.255000e+01  9.144082e-02 
 -1.254000e+01  5.866393e-02 
 -1.253000e+01  3.690755e-02 
 -1.252000e+01  2.276997e-02 
 -1.251000e+01  1.377540e-02 
 -1.250000e+01  8.172087e-03 
 -1.249000e+01  4.753807e-03 
 -1.248000e+01  2.711587e-03 
 -1.247000e+01  1.516608e-03 
 -1.246000e+01  8.317354e-04 
 -1.245000e+01  4.472539e-04 
 -1.244000e+01  2.358171e-04 
 -1.243000e+01  1.219113e-04 
 -1.242000e+01  6.179541e-05 
 -1.241000e+01  3.071195e-05 
 -1.240000e+01  1.496558e-05 
 -1.239000e+01  7.150081e-06 
 -1.238000e+01  3.349313e-06 
 -1.237000e+01  1.538240e-06 
 -1.236000e+01  6.926482e-07 
 -1.235000e+01  3.057863e-07 
 -1.234000e+01  1.323539e-07 
 -1.233000e+01  5.616495e-08 
 -1.232000e+01  2.336692e-08 
 -1.231000e+01  9.531141e-09 
 -1.230000e+01  3.811687e-09 
 -1.229000e+01  1.495216e-09 
 -1.228000e+01  5.772179e-10 
 -1.227000e+01  2.247950e-10 
 -1.226000e+01  1.036965e-10 
 -1.225000e+01  9.490341e-11 
 -1.224000e+01  1.898079e-10 
 -1.223000e+01  4.826982e-10 
 -1.222000e+01  1.254816e-09 
 -1.221000e+01  3.216103e-09 
 -1.220000e+01  8.087384e-09 
 -1.219000e+01  1.994070e-08 
 -1.218000e+01  4.820530e-08 
 -1.217000e+01  1.142539e-07 
 -1.216000e+01  2.655052e-07 
 -1.215000e+01  6.049307e-07 
 -1.214000e+01  1.351369e-06 
 -1.213000e+01  2.959946e-06 
 -1.212000e+01  6.356833e-06 
 -1.211000e+01  1.338601e-05 
 -1.210000e+01  2.763894e-05 
 -1.209000e+01  5.595753e-05 
 -1.208000e+01  1.110888e-04 
 -1.207000e+01  2.162539e-04 
 -1.206000e+01  4.128082e-04 
 -1.205000e+01  7.727382e-04 
 -1.204000e+01  1.418487e-03 
 -1.203000e+01  2.553512e-03 
 -1.202000e+01  4.507961e-03 
 -1.201000e+01  7.804837e-03 
 -1.200000e+01  1.325260e-02 
 -1.199000e+01  2.207012e-02 
 -1.198000e+01  3.604862e-02 
 -1.197000e+01  5.775203e-02 
 -1.196000e+01  9.075194e-02 
 -1.195000e+01  1.398849e-01 
 -1.194000e+01  2.115094e-01 
 -1.193000e+01  3.137257e-01 
 -1.192000e+01  4.565110e-01 
 -1.191000e+01  6.517085e-01 
 -1.190000e+01  9.128035e-01 
 -1.189000e+01  1.254426e+00 
 -1.188000e+01  1.691528e+00 
 -1.187000e+01  2.238224e+00 
 -1.186000e+01  2.906315e+00 
 -1.185000e+01  3.703579e+00 
 -1.184000e+01  4.631974e+00 
 -1.183000e+01  5.685942e+00 
 -1.182000e+01  6.851049e+00 
 -1.181000e+01  8.103207e+00 
 -1.180000e+01  9.408679e+00 
 -1.179000e+01  1.072504e+01 
 -1.178000e+01  1.200310e+01 
 -1.177000e+01  1.318980e+01 
 -1.176000e+01  1.423172e+01 
 -1.175000e+01  1.507905e+01 
 -1.174000e+01  1.568953e+01 
 -1.173000e+01  1.603192e+01 
 -1.172000e+01  1.608861e+01 
 -1.171000e+01  1.585713e+01 
 -1.170000e+01  1.535032e+01 
 -1.169000e+01  1.459511e+01 
 -1.168000e+01  1.363019e+01 
 -1.167000e+01  1.250278e+01 
 -1.166000e+01  1.126477e+01 
 -1.165000e+01  9.968929e+00 
 -1.164000e+01  8.665231e+00 
 -1.163000e+01  7.397923e+00 
 -1.162000e+01  6.203362e+00 
 -1.161000e+01  5.108798e+00 
 -1.160000e+01  4.132079e+00 
 -1.159000e+01  3.282151e+00 
 -1.158000e+01  2.560163e+00 
 -1.157000e+01  1.960981e+00 
 -1.156000e+01  1.474862e+00 
 -1.155000e+01  1.089121e+00 
 -1.154000e+01  7.896248e-01 
 -1.153000e+01  5.620271e-01 
 -1.152000e+01  3.926967e-01 
 -1.151000e+01  2.693345e-01 
 -1.150000e+01  1.813146e-01 
 -1.149000e+01  1.197982e-01 
 -1.148000e+01  7.768132e-02 
 -1.147000e+01  4.943141e-02 
 -1.146000e+01  3.086613e-02 
 -1.145000e+01  1.891154e-02 
 -1.144000e+01  1.136872e-02 
 -1.143000e+01  6.705183e-03 
 -1.142000e+01  3.879716e-03 
 -1.141000e+01  2.202197e-03 
 -1.140000e+01  1.226189e-03 
 -1.139000e+01  6.697024e-04 
 -1.138000e+01  3.587649e-04 
 -1.137000e+01  1.885048e-04 
 -1.136000e+01  9.714067e-05 
 -1.135000e+01  4.909410e-05 
 -1.134000e+01  2.433278e-05 
 -1.133000e+01  1.182709e-05 
 -1.132000e+01  5.637644e-06 
 -1.131000e+01  2.636175e-06 
 -1.130000e+01  1.211289e-06 
 -1.129000e+01  5.521160e-07 
 -1.128000e+01  2.622845e-07 
 -1.127000e+01  1.588319e-07 
 -1.126000e+01  1.741513e-07 
 -1.125000e+01  3.183489e-07 
 -1.124000e+01  6.849059e-07 
 -1.123000e+01  1.502216e-06 
 -1.122000e+01  3.254092e-06 
 -1.121000e+01  6.920582e-06 
 -1.120000e+01  1.443473e-05 
 -1.119000e+01  2.952237e-05 
 -1.118000e+01  5.920584e-05 
 -1.117000e+01  1.164275e-04 
 -1.116000e+01  2.245094e-04 
 -1.115000e+01  4.245342e-04 
 -1.114000e+01  7.872313e-04 
 -1.113000e+01  1.431584e-03 
 -1.112000e+01  2.553114e-03 
 -1.111000e+01  4.465585e-03 
 -1.110000e+01  7.660519e-03 
 -1.109000e+01  1.288927e-02 
 -1.108000e+01  2.127204e-02 
 -1.107000e+01  3.443682e-02 
 -1.106000e+01  5.468834e-02 
 -1.105000e+01  8.520242e-02 
 -1.104000e+01  1.302342e-01 
 -1.103000e+01  1.953208e-01 
 -1.102000e+01  2.874488e-01 
 -1.101000e+01  4.151490e-01 
 -1.100000e+01  5.884748e-01 
 -1.099000e+01  8.188168e-01 
 -1.098000e+01  1.118518e+00 
 -1.097000e+01  1.500259e+00 
 -1.096000e+01  1.976225e+00 
 -1.095000e+01  2.557076e+00 
 -1.094000e+01  3.250793e+00 
 -1.093000e+01  4.061518e+00 
 -1.092000e+01  4.988497e+00 
 -1.091000e+01  6.025283e+00 
 -1.090000e+01  7.159327e+00 
 -1.089000e+01  8.372044e+00 
 -1.088000e+01  9.639401e+00 
 -1.087000e+01  1.093301e+01 
 -1.086000e+01  1.222161e+01 
 -1.085000e+01  1.347283e+01 
 -1.084000e+01  1.465502e+01 
 -1.083000e+01  1.573898e+01 
 -1.082000e+01  1.669944e+01 
 -1.081000e+01  1.751618e+01 
 -1.080000e+01  1.817479e+01 
 -1.079000e+01  1.866693e+01 
 -1.078000e+01  1.899046e+01 
 -1.077000e+01  1.914909e+01 
 -1.076000e+01  1.915208e+01 
 -1.075000e+01  1.901368e+01 
 -1.074000e+01  1.875247e+01 
 -1.073000e+01  1.839071e+01 
 -1.072000e+01  1.795340e+01 
 -1.071000e+01  1.746733e+01 
 -1.070000e+01  1.695989e+01 
 -1.069000e+01  1.645779e+01 
 -1.068000e+01  1.598576e+01 
 -1.067000e+01  1.556520e+01 
 -1.066000e+01  1.521300e+01 
 -1.065000e+01  1.494056e+01 
 -1.064000e+01  1.475307e+01 
 -1.063000e+01  1.464920e+01 
 -1.062000e+01  1.462117e+01 
 -1.061000e+01  1.465528e+01 
 -1.060000e+01  1.473293e+01 
 -1.059000e+01  1.483194e+01 
 -1.058000e+01  1.492834e+01 
 -1.057000e+01  1.499831e+01 
 -1.056000e+01  1.502012e+01 
 -1.055000e+01  1.497596e+01 
 -1.054000e+01  1.485330e+01 
 -1.053000e+01  1.464572e+01 
 -1.052000e+01  1.435302e+01 
 -1.051000e+01  1.398061e+01 
 -1.050000e+01  1.353828e+01 
 -1.049000e+01  1.303859e+01 
 -1.048000e+01  1.249511e+01 
 -1.047000e+01  1.192081e+01 
 -1.046000e+01  1.132694e+01 
 -1.045000e+01  1.072244e+01 
 -1.044000e+01  1.011406e+01 
 -1.043000e+01  9.507051e+00 
 -1.042000e+01  8.906184e+00 
 -1.041000e+01  8.316942e+00 
 -1.040000e+01  7.746476e+00 
 -1.039000e+01  7.204149e+00 
 -1.038000e+01  6.701481e+00 
 -1.037000e+01  6.251451e+00 
 -1.036000e+01  5.867231e+00 
 -1.035000e+01  5.560537e+00 
 -1.034000e+01  5.339847e+00 
 -1.033000e+01  5.208781e+00 
 -1.032000e+01  5.164900e+00 
 -1.031000e+01  5.199146e+00 
 -1.030000e+01  5.296041e+00 
 -1.029000e+01  5.434656e+00 
 -1.028000e+01  5.590262e+00 
 -1.027000e+01  5.736485e+00 
 -1.026000e+01  5.847684e+00 
 -1.025000e+01  5.901300e+00 
 -1.024000e+01  5.879862e+00 
 -1.023000e+01  5.772444e+00 
 -1.022000e+01  5.575393e+00 
 -1.021000e+01  5.292294e+00 
 -1.020000e+01  4.933197e+00 
 -1.019000e+01  4.513258e+00 
 -1.018000e+01  4.050983e+00 
 -1.017000e+01  3.566324e+00 
 -1.016000e+01  3.078848e+00 
 -1.015000e+01  2.606180e+00 
 -1.014000e+01  2.162862e+00 
 -1.013000e+01  1.759677e+00 
 -1.012000e+01  1.403450e+00 
 -1.011000e+01  1.097253e+00 
 -1.010000e+01  8.409176e-01 
 -1.009000e+01  6.317273e-01 
 -1.008000e+01  4.651904e-01 
 -1.007000e+01  3.357790e-01 
 -1.006000e+01  2.375723e-01 
 -1.005000e+01  1.647615e-01 
 -1.004000e+01  1.120037e-01 
 -1.003000e+01  7.463200e-02 
 -1.002000e+01  4.874533e-02 
 -1.001000e+01  3.120728e-02 
 -1.000000e+01  1.958365e-02 
 -9.990000e+00  1.204608e-02 
 -9.980000e+00  7.262939e-03 
 -9.970000e+00  4.292332e-03 
 -9.960000e+00  2.486500e-03 
 -9.950000e+00  1.411880e-03 
 -9.940000e+00  7.858170e-04 
 -9.930000e+00  4.287056e-04 
 -9.920000e+00  2.292509e-04 
 -9.910000e+00  1.201647e-04 
 -9.900000e+00  6.173866e-05 
 -9.890000e+00  3.109220e-05 
 -9.880000e+00  1.534828e-05 
 -9.870000e+00  7.426467e-06 
 -9.860000e+00  3.522239e-06 
 -9.850000e+00  1.637456e-06 
 -9.840000e+00  7.461642e-07 
 -9.830000e+00  3.332832e-07 
 -9.820000e+00  1.459172e-07 
 -9.810000e+00  6.262007e-08 
 -9.800000e+00  2.634116e-08 
 -9.790000e+00  1.086101e-08 
 -9.780000e+00  4.389547e-09 
 -9.770000e+00  1.738935e-09 
 -9.760000e+00  6.752445e-10 
 -9.750000e+00  2.570117e-10 
 -9.740000e+00  9.588679e-11 
 -9.730000e+00  3.506540e-11 
 -9.720000e+00  1.256936e-11 
 -9.710000e+00  4.416328e-12 
 -9.700000e+00  1.520984e-12 
 -9.690000e+00  5.134661e-13 
 -9.680000e+00  1.699477e-13 
 -9.670000e+00  5.527457e-14 
 -9.660000e+00  1.809385e-14 
 -9.650000e+00  7.374620e-15 
 -9.640000e+00  7.924217e-15 
 -9.630000e+00  2.053426e-14 
 -9.620000e+00  6.303370e-14 
 -9.610000e+00  1.935331e-13 
 -9.600000e+00  5.835723e-13 
 -9.590000e+00  1.725202e-12 
 -9.580000e+00  4.999447e-12 
 -9.570000e+00  1.420158e-11 
 -9.560000e+00  3.954440e-11 
 -9.550000e+00  1.079368e-10 
 -9.540000e+00  2.887975e-10 
 -9.530000e+00  7.574590e-10 
 -9.520000e+00  1.947468e-09 
 -9.510000e+00  4.908299e-09 
 -9.500000e+00  1.212677e-08 
 -9.490000e+00  2.937095e-08 
 -9.480000e+00  6.973563e-08 
 -9.470000e+00  1.623160e-07 
 -9.460000e+00  3.703778e-07 
 -9.450000e+00  8.285386e-07 
 -9.440000e+00  1.817078e-06 
 -9.430000e+00  3.906939e-06 
 -9.420000e+00  8.235933e-06 
 -9.410000e+00  1.702213e-05 
 -9.400000e+00  3.449474e-05 
 -9.390000e+00  6.854008e-05 
 -9.380000e+00  1.335382e-04 
 -9.370000e+00  2.551253e-04 
 -9.360000e+00  4.779791e-04 
 -9.350000e+00  8.782012e-04 
 -9.340000e+00  1.582463e-03 
 -9.330000e+00  2.796756e-03 
 -9.320000e+00  4.848274e-03 
 -9.310000e+00  8.244497e-03 
 -9.300000e+00  1.375377e-02 
 -9.290000e+00  2.251124e-02 
 -9.280000e+00  3.615264e-02 
 -9.270000e+00  5.697576e-02 
 -9.260000e+00  8.812520e-02 
 -9.250000e+00  1.337902e-01 
 -9.240000e+00  1.993980e-01 
 -9.230000e+00  2.917773e-01 
 -9.220000e+00  4.192589e-01 
 -9.210000e+00  5.916742e-01 
 -9.200000e+00  8.202106e-01 
 -9.190000e+00  1.117086e+00 
 -9.180000e+00  1.495012e+00 
 -9.170000e+00  1.966441e+00 
 -9.160000e+00  2.542604e+00 
 -9.150000e+00  3.232380e+00 
 -9.140000e+00  4.041087e+00 
 -9.130000e+00  4.969272e+00 
 -9.120000e+00  6.011653e+00 
 -9.110000e+00  7.156333e+00 
 -9.100000e+00  8.384414e+00 
 -9.090000e+00  9.670134e+00 
 -9.080000e+00  1.098158e+01 
 -9.070000e+00  1.228200e+01 
 -9.060000e+00  1.353163e+01 
 -9.050000e+00  1.468993e+01 
 -9.040000e+00  1.571806e+01 
 -9.030000e+00  1.658130e+01 
 -9.020000e+00  1.725130e+01 
 -9.010000e+00  1.770770e+01 
 -9.000000e+00  1.793926e+01 
 -8.990000e+00  1.794414e+01 
 -8.980000e+00  1.772943e+01 
 -8.970000e+00  1.731004e+01 
 -8.960000e+00  1.670716e+01 
 -8.950000e+00  1.594636e+01 
 -8.940000e+00  1.505576e+01 
 -8.930000e+00  1.406429e+01 
 -8.920000e+00  1.300040e+01 
 -8.910000e+00  1.189103e+01 
 -8.900000e+00  1.076101e+01 
 -8.890000e+00  9.632812e+00 
 -8.880000e+00  8.526390e+00 
 -8.870000e+00  7.459214e+00 
 -8.860000e+00  6.446239e+00 
 -8.850000e+00  5.499852e+00 
 -8.840000e+00  4.629762e+00 
 -8.830000e+00  3.842877e+00 
 -8.820000e+00  3.143224e+00 
 -8.810000e+00  2.531957e+00 
 -8.800000e+00  2.007500e+00 
 -8.790000e+00  1.565840e+00 
 -8.780000e+00  1.200953e+00 
 -8.770000e+00  9.053295e-01 
 -8.760000e+00  6.705403e-01 
 -8.750000e+00  4.877933e-01 
 -8.740000e+00  3.484284e-01 
 -8.730000e+00  2.443152e-01 
 -8.720000e+00  1.681358e-01 
 -8.710000e+00  1.135501e-01 
 -8.700000e+00  7.525629e-02 
 -8.690000e+00  4.896791e-02 
 -8.680000e+00  3.133156e-02 
 -8.670000e+00  1.981166e-02 
 -8.660000e+00  1.256377e-02 
 -8.650000e+00  8.314745e-03 
 -8.640000e+00  6.262576e-03 
 -8.630000e+00  6.005169e-03 
 -8.620000e+00  7.503686e-03 
 -8.610000e+00  1.108410e-02 
 -8.600000e+00  1.747892e-02 
 -8.590000e+00  2.790974e-02 
 -8.580000e+00  4.420928e-02 
 -8.570000e+00  6.897912e-02 
 -8.560000e+00  1.057751e-01 
 -8.550000e+00  1.593074e-01 
 -8.540000e+00  2.356351e-01 
 -8.530000e+00  3.423298e-01 
 -8.520000e+00  4.885764e-01 
 -8.510000e+00  6.851740e-01 
 -8.500000e+00  9.444035e-01 
 -8.490000e+00  1.279729e+00 
 -8.480000e+00  1.705311e+00 
 -8.470000e+00  2.235330e+00 
 -8.460000e+00  2.883119e+00 
 -8.450000e+00  3.660155e+00 
 -8.440000e+00  4.574945e+00 
 -8.430000e+00  5.631882e+00 
 -8.420000e+00  6.830152e+00 
 -8.410000e+00  8.162774e+00 
 -8.400000e+00  9.615873e+00 
 -8.390000e+00  1.116825e+01 
 -8.380000e+00  1.279137e+01 
 -8.370000e+00  1.444972e+01 
 -8.360000e+00  1.610176e+01 
 -8.350000e+00  1.770125e+01 
 -8.340000e+00  1.919914e+01 
 -8.330000e+00  2.054579e+01 
 -8.320000e+00  2.169355e+01 
 -8.310000e+00  2.259941e+01 
 -8.300000e+00  2.322769e+01 
 -8.290000e+00  2.355236e+01 
 -8.280000e+00  2.355900e+01 
 -8.270000e+00  2.324606e+01 
 -8.260000e+00  2.262536e+01 
 -8.250000e+00  2.172175e+01 
 -8.240000e+00  2.057196e+01 
 -8.230000e+00  1.922274e+01 
 -8.220000e+00  1.772842e+01 
 -8.210000e+00  1.614815e+01 
 -8.200000e+00  1.454301e+01 
 -8.190000e+00  1.297315e+01 
 -8.180000e+00  1.149529e+01 
 -8.170000e+00  1.016050e+01 
 -8.160000e+00  9.012453e+00 
 -8.150000e+00  8.086195e+00 
 -8.140000e+00  7.407227e+00 
 -8.130000e+00  6.991000e+00 
 -8.120000e+00  6.842667e+00 
 -8.110000e+00  6.957061e+00 
 -8.100000e+00  7.318858e+00 
 -8.090000e+00  7.902957e+00 
 -8.080000e+00  8.675098e+00 
 -8.070000e+00  9.592804e+00 
 -8.060000e+00  1.060673e+01 
 -8.050000e+00  1.166247e+01 
 -8.040000e+00  1.270285e+01 
 -8.030000e+00  1.367067e+01 
 -8.020000e+00  1.451178e+01 
 -8.010000e+00  1.517831e+01 
 -8.000000e+00  1.563174e+01 
 -7.990000e+00  1.584565e+01 
 -7.980000e+00  1.580766e+01 
 -7.970000e+00  1.552053e+01 
 -7.960000e+00  1.500203e+01 
 -7.950000e+00  1.428368e+01 
 -7.940000e+00  1.340835e+01 
 -7.930000e+00  1.242687e+01 
 -7.920000e+00  1.139406e+01 
 -7.910000e+00  1.036451e+01 
 -7.900000e+00  9.388338e+00 
 -7.890000e+00  8.507668e+00 
 -7.880000e+00  7.753741e+00 
 -7.870000e+00  7.145181e+00 
 -7.860000e+00  6.687382e+00 
 -7.850000e+00  6.373069e+00 
 -7.840000e+00  6.183910e+00 
 -7.830000e+00  6.092983e+00 
 -7.820000e+00  6.067828e+00 
 -7.810000e+00  6.073774e+00 
 -7.800000e+00  6.077212e+00 
 -7.790000e+00  6.048520e+00 
 -7.780000e+00  5.964374e+00 
 -7.770000e+00  5.809260e+00 
 -7.760000e+00  5.576115e+00 
 -7.750000e+00  5.266080e+00 
 -7.740000e+00  4.887485e+00 
 -7.730000e+00  4.454255e+00 
 -7.720000e+00  3.983954e+00 
 -7.710000e+00  3.495739e+00 
 -7.700000e+00  3.008443e+00 
 -7.690000e+00  2.538995e+00 
 -7.680000e+00  2.101290e+00 
 -7.670000e+00  1.705565e+00 
 -7.660000e+00  1.358277e+00 
 -7.650000e+00  1.062398e+00 
 -7.640000e+00  8.180357e-01 
 -7.630000e+00  6.232644e-01 
 -7.620000e+00  4.750495e-01 
 -7.610000e+00  3.701814e-01 
 -7.600000e+00  3.061473e-01 
 -7.590000e+00  2.818949e-01 
 -7.580000e+00  2.984588e-01 
 -7.570000e+00  3.594256e-01 
 -7.560000e+00  4.712102e-01 
 -7.550000e+00  6.431070e-01 
 -7.540000e+00  8.870699e-01 
 -7.530000e+00  1.217167e+00 
 -7.520000e+00  1.648662e+00 
 -7.510000e+00  2.196702e+00 
 -7.500000e+00  2.874617e+00 
 -7.490000e+00  3.691923e+00 
 -7.480000e+00  4.652153e+00 
 -7.470000e+00  5.750761e+00 
 -7.460000e+00  6.973339e+00 
 -7.450000e+00  8.294483e+00 
 -7.440000e+00  9.677564e+00 
 -7.430000e+00  1.107563e+01 
 -7.420000e+00  1.243356e+01 
 -7.410000e+00  1.369133e+01 
 -7.400000e+00  1.478827e+01 
 -7.390000e+00  1.566784e+01 
 -7.380000e+00  1.628243e+01 
 -7.370000e+00  1.659760e+01 
 -7.360000e+00  1.659529e+01 
 -7.350000e+00  1.627552e+01 
 -7.340000e+00  1.565642e+01 
 -7.330000e+00  1.477250e+01 
 -7.320000e+00  1.367149e+01 
 -7.310000e+00  1.241007e+01 
 -7.300000e+00  1.104904e+01 
 -7.290000e+00  9.648571e+00 
 -7.280000e+00  8.263894e+00 
 -7.270000e+00  6.942008e+00 
 -7.260000e+00  5.719515e+00 
 -7.250000e+00  4.621703e+00 
 -7.240000e+00  3.662760e+00 
 -7.230000e+00  2.846907e+00 
 -7.220000e+00  2.170157e+00 
 -7.210000e+00  1.622395e+00 
 -7.200000e+00  1.189500e+00 
 -7.190000e+00  8.552819e-01 
 -7.180000e+00  6.030946e-01 
 -7.170000e+00  4.170495e-01 
 -7.160000e+00  2.828201e-01 
 -7.150000e+00  1.880825e-01 
 -7.140000e+00  1.226583e-01 
 -7.130000e+00  7.844280e-02 
 -7.120000e+00  4.919472e-02 
 -7.110000e+00  3.025612e-02 
 -7.100000e+00  1.825241e-02 
 -7.090000e+00  1.080786e-02 
 -7.080000e+00  6.296813e-03 
 -7.070000e+00  3.639658e-03 
 -7.060000e+00  2.144552e-03 
 -7.050000e+00  1.391707e-03 
 -7.040000e+00  1.154783e-03 
 -7.030000e+00  1.354023e-03 
 -7.020000e+00  2.036839e-03 
 -7.010000e+00  3.383292e-03 
 -7.000000e+00  5.735802e-03 
 -6.990000e+00  9.654009e-03 
 -6.980000e+00  1.599681e-02 
 -6.970000e+00  2.603365e-02 
 -6.960000e+00  4.158619e-02 
 -6.950000e+00  6.519859e-02 
 -6.940000e+00  1.003308e-01 
 -6.930000e+00  1.515631e-01 
 -6.920000e+00  2.247928e-01 
 -6.910000e+00  3.273973e-01 
 -6.900000e+00  4.683302e-01 
 -6.890000e+00  6.581125e-01 
 -6.880000e+00  9.086805e-01 
 -6.870000e+00  1.233056e+00 
 -6.860000e+00  1.644815e+00 
 -6.850000e+00  2.157345e+00 
 -6.840000e+00  2.782910e+00 
 -6.830000e+00  3.531550e+00 
 -6.820000e+00  4.409887e+00 
 -6.810000e+00  5.419918e+00 
 -6.800000e+00  6.557897e+00 
 -6.790000e+00  7.813410e+00 
 -6.780000e+00  9.168768e+00 
 -6.770000e+00  1.059882e+01 
 -6.760000e+00  1.207125e+01 
 -6.750000e+00  1.354751e+01 
 -6.740000e+00  1.498426e+01 
 -6.730000e+00  1.633552e+01 
 -6.720000e+00  1.755525e+01 
 -6.710000e+00  1.860035e+01 
 -6.700000e+00  1.943396e+01 
 -6.690000e+00  2.002856e+01 
 -6.680000e+00  2.036889e+01 
 -6.670000e+00  2.045406e+01 
 -6.660000e+00  2.029884e+01 
 -6.650000e+00  1.993357e+01 
 -6.640000e+00  1.940290e+01 
 -6.630000e+00  1.876296e+01 
 -6.620000e+00  1.807746e+01 
 -6.610000e+00  1.741275e+01 
 -6.600000e+00  1.683246e+01 
 -6.590000e+00  1.639216e+01 
 -6.580000e+00  1.613458e+01 
 -6.570000e+00  1.608601e+01 
 -6.560000e+00  1.625418e+01 
 -6.550000e+00  1.662793e+01 
 -6.540000e+00  1.717868e+01 
 -6.530000e+00  1.786347e+01 
 -6.520000e+00  1.862937e+01 
 -6.510000e+00  1.941843e+01 
 -6.500000e+00  2.017296e+01 
 -6.490000e+00  2.084019e+01 
 -6.480000e+00  2.137608e+01 
 -6.470000e+00  2.174786e+01 
 -6.460000e+00  2.193515e+01 
 -6.450000e+00  2.192982e+01 
 -6.440000e+00  2.173485e+01 
 -6.430000e+00  2.136244e+01 
 -6.420000e+00  2.083208e+01 
 -6.410000e+00  2.016862e+01 
 -6.400000e+00  1.940085e+01 
 -6.390000e+00  1.856065e+01 
 -6.380000e+00  1.768248e+01 
 -6.370000e+00  1.680331e+01 
 -6.360000e+00  1.596238e+01 
 -6.350000e+00  1.520073e+01 
 -6.340000e+00  1.456008e+01 
 -6.330000e+00  1.408110e+01 
 -6.320000e+00  1.380087e+01 
 -6.310000e+00  1.374993e+01 
 -6.300000e+00  1.394914e+01 
 -6.290000e+00  1.440670e+01 
 -6.280000e+00  1.511592e+01 
 -6.270000e+00  1.605390e+01 
 -6.260000e+00  1.718168e+01 
 -6.250000e+00  1.844560e+01 
 -6.240000e+00  1.978022e+01 
 -6.230000e+00  2.111226e+01 
 -6.220000e+00  2.236530e+01 
 -6.210000e+00  2.346487e+01 
 -6.200000e+00  2.434337e+01 
 -6.190000e+00  2.494438e+01 
 -6.180000e+00  2.522610e+01 
 -6.170000e+00  2.516360e+01 
 -6.160000e+00  2.474975e+01 
 -6.150000e+00  2.399501e+01 
 -6.140000e+00  2.292591e+01 
 -6.130000e+00  2.158271e+01 
 -6.120000e+00  2.001628e+01 
 -6.110000e+00  1.828455e+01 
 -6.100000e+00  1.644878e+01 
 -6.090000e+00  1.456998e+01 
 -6.080000e+00  1.270562e+01 
 -6.070000e+00  1.090701e+01 
 -6.060000e+00  9.217255e+00 
 -6.050000e+00  7.670190e+00 
 -6.040000e+00  6.290059e+00 
 -6.030000e+00  5.092027e+00 
 -6.020000e+00  4.083361e+00 
 -6.010000e+00  3.265106e+00 
 -6.000000e+00  2.634033e+00 
 -5.990000e+00  2.184634e+00 
 -5.980000e+00  1.910942e+00 
 -5.970000e+00  1.807959e+00 
 -5.960000e+00  1.872558e+00 
 -5.950000e+00  2.103767e+00 
 -5.940000e+00  2.502387e+00 
 -5.930000e+00  3.070019e+00 
 -5.920000e+00  3.807572e+00 
 -5.910000e+00  4.713458e+00 
 -5.900000e+00  5.781664e+00 
 -5.890000e+00  6.999974e+00 
 -5.880000e+00  8.348568e+00 
 -5.870000e+00  9.799253e+00 
 -5.860000e+00  1.131549e+01 
 -5.850000e+00  1.285329e+01 
 -5.840000e+00  1.436304e+01 
 -5.830000e+00  1.579208e+01 
 -5.820000e+00  1.708786e+01 
 -5.810000e+00  1.820145e+01 
 -5.800000e+00  1.909094e+01 
 -5.790000e+00  1.972463e+01 
 -5.780000e+00  2.008352e+01 
 -5.770000e+00  2.016293e+01 
 -5.760000e+00  1.997320e+01 
 -5.750000e+00  1.953931e+01 
 -5.740000e+00  1.889946e+01 
 -5.730000e+00  1.810278e+01 
 -5.720000e+00  1.720627e+01 
 -5.710000e+00  1.627124e+01 
 -5.700000e+00  1.535946e+01 
 -5.690000e+00  1.452925e+01 
 -5.680000e+00  1.383177e+01 
 -5.670000e+00  1.330787e+01 
 -5.660000e+00  1.298554e+01 
 -5.650000e+00  1.287830e+01 
 -5.640000e+00  1.298463e+01 
 -5.630000e+00  1.328854e+01 
 -5.620000e+00  1.376122e+01 
 -5.610000e+00  1.436371e+01 
 -5.600000e+00  1.505046e+01 
 -5.590000e+00  1.577332e+01 
 -5.580000e+00  1.648581e+01 
 -5.570000e+00  1.714701e+01 
 -5.560000e+00  1.772496e+01 
 -5.550000e+00  1.819884e+01 
 -5.540000e+00  1.856003e+01 
 -5.530000e+00  1.881159e+01 
 -5.520000e+00  1.896647e+01 
 -5.510000e+00  1.904443e+01 
 -5.500000e+00  1.906835e+01 
 -5.490000e+00  1.906012e+01 
 -5.480000e+00  1.903697e+01 
 -5.470000e+00  1.900847e+01 
 -5.460000e+00  1.897488e+01 
 -5.450000e+00  1.892682e+01 
 -5.440000e+00  1.884647e+01 
 -5.430000e+00  1.870991e+01 
 -5.420000e+00  1.849040e+01 
 -5.410000e+00  1.816205e+01 
 -5.400000e+00  1.770323e+01 
 -5.390000e+00  1.709960e+01 
 -5.380000e+00  1.634601e+01 
 -5.370000e+00  1.544744e+01 
 -5.360000e+00  1.441871e+01 
 -5.350000e+00  1.328329e+01 
 -5.340000e+00  1.207127e+01 
 -5.330000e+00  1.081694e+01 
 -5.320000e+00  9.556286e+00 
 -5.310000e+00  8.324610e+00 
 -5.300000e+00  7.154605e+00 
 -5.290000e+00  6.075010e+00 
 -5.280000e+00  5.109888e+00 
 -5.270000e+00  4.278520e+00 
 -5.260000e+00  3.595805e+00 
 -5.250000e+00  3.073011e+00 
 -5.240000e+00  2.718671e+00 
 -5.230000e+00  2.539423e+00 
 -5.220000e+00  2.540603e+00 
 -5.210000e+00  2.726428e+00 
 -5.200000e+00  3.099681e+00 
 -5.190000e+00  3.660896e+00 
 -5.180000e+00  4.407110e+00 
 -5.170000e+00  5.330362e+00 
 -5.160000e+00  6.416171e+00 
 -5.150000e+00  7.642284e+00 
 -5.140000e+00  8.977993e+00 
 -5.130000e+00  1.038425e+01 
 -5.120000e+00  1.181476e+01 
 -5.110000e+00  1.321809e+01 
 -5.100000e+00  1.454057e+01 
 -5.090000e+00  1.572992e+01 
 -5.080000e+00  1.673894e+01 
 -5.070000e+00  1.752908e+01 
 -5.060000e+00  1.807319e+01 
 -5.050000e+00  1.835728e+01 
 -5.040000e+00  1.838095e+01 
 -5.030000e+00  1.815652e+01 
 -5.020000e+00  1.770699e+01 
 -5.010000e+00  1.706317e+01 
 -5.000000e+00  1.626041e+01 
 -4.990000e+00  1.533539e+01 
 -4.980000e+00  1.432334e+01 
 -4.970000e+00  1.325606e+01 
 -4.960000e+00  1.216077e+01 
 -4.950000e+00  1.105980e+01 
 -4.940000e+00  9.970947e+00 
 -4.930000e+00  8.908304e+00 
 -4.920000e+00  7.883190e+00 
 -4.910000e+00  6.905013e+00 
 -4.900000e+00  5.981888e+00 
 -4.890000e+00  5.120925e+00 
 -4.880000e+00  4.328216e+00 
 -4.870000e+00  3.608607e+00 
 -4.860000e+00  2.965367e+00 
 -4.850000e+00  2.399884e+00 
 -4.840000e+00  1.911490e+00 
 -4.830000e+00  1.497460e+00 
 -4.820000e+00  1.153200e+00 
 -4.810000e+00  8.726102e-01 
 -4.800000e+00  6.485367e-01 
 -4.790000e+00  4.732803e-01 
 -4.780000e+00  3.390755e-01 
 -4.770000e+00  2.385040e-01 
 -4.760000e+00  1.648088e-01 
 -4.750000e+00  1.121023e-01 
 -4.740000e+00  7.547531e-02 
 -4.730000e+00  5.102648e-02 
 -4.720000e+00  3.583905e-02 
 -4.710000e+00  2.793033e-02 
 -4.700000e+00  2.619825e-02 
 -4.690000e+00  3.038190e-02 
 -4.680000e+00  4.104570e-02 
 -4.670000e+00  5.958785e-02 
 -4.660000e+00  8.826435e-02 
 -4.650000e+00  1.302113e-01 
 -4.640000e+00  1.894395e-01 
 -4.630000e+00  2.707713e-01 
 -4.620000e+00  3.796836e-01 
 -4.610000e+00  5.220299e-01 
 -4.600000e+00  7.036175e-01 
 -4.590000e+00  9.296379e-01 
 -4.580000e+00  1.203971e+00 
 -4.570000e+00  1.528414e+00 
 -4.560000e+00  1.901909e+00 
 -4.550000e+00  2.319882e+00 
 -4.540000e+00  2.773809e+00 
 -4.530000e+00  3.251108e+00 
 -4.520000e+00  3.735479e+00 
 -4.510000e+00  4.207699e+00 
 -4.500000e+00  4.646888e+00 
 -4.490000e+00  5.032144e+00 
 -4.480000e+00  5.344395e+00 
 -4.470000e+00  5.568287e+00 
 -4.460000e+00  5.693861e+00 
 -4.450000e+00  5.717823e+00 
 -4.440000e+00  5.644218e+00 
 -4.430000e+00  5.484416e+00 
 -4.420000e+00  5.256381e+00 
 -4.410000e+00  4.983276e+00 
 -4.400000e+00  4.691564e+00 
 -4.390000e+00  4.408769e+00 
 -4.380000e+00  4.161137e+00 
 -4.370000e+00  3.971402e+00 
 -4.360000e+00  3.856863e+00 
 -4.350000e+00  3.827929e+00 
 -4.340000e+00  3.887253e+00 
 -4.330000e+00  4.029522e+00 
 -4.320000e+00  4.241919e+00 
 -4.310000e+00  4.505233e+00 
 -4.300000e+00  4.795525e+00 
 -4.290000e+00  5.086235e+00 
 -4.280000e+00  5.350557e+00 
 -4.270000e+00  5.563877e+00 
 -4.260000e+00  5.706067e+00 
 -4.250000e+00  5.763430e+00 
 -4.240000e+00  5.730120e+00 
 -4.230000e+00  5.608932e+00 
 -4.220000e+00  5.411414e+00 
 -4.210000e+00  5.157336e+00 
 -4.200000e+00  4.873617e+00 
 -4.190000e+00  4.592862e+00 
 -4.180000e+00  4.351654e+00 
 -4.170000e+00  4.188772e+00 
 -4.160000e+00  4.143418e+00 
 -4.150000e+00  4.253541e+00 
 -4.140000e+00  4.554245e+00 
 -4.130000e+00  5.076255e+00 
 -4.120000e+00  5.844411e+00 
 -4.110000e+00  6.876146e+00 
 -4.100000e+00  8.179964e+00 
 -4.090000e+00  9.753981e+00 
 -4.080000e+00  1.158465e+01 
 -4.070000e+00  1.364584e+01 
 -4.060000e+00  1.589846e+01 
 -4.050000e+00  1.829083e+01 
 -4.040000e+00  2.075994e+01 
 -4.030000e+00  2.323367e+01 
 -4.020000e+00  2.563394e+01 
 -4.010000e+00  2.788068e+01 
 -4.000000e+00  2.989632e+01 
 -3.990000e+00  3.161049e+01 
 -3.980000e+00  3.296454e+01 
 -3.970000e+00  3.391532e+01 
 -3.960000e+00  3.443804e+01 
 -3.950000e+00  3.452772e+01 
 -3.940000e+00  3.419925e+01 
 -3.930000e+00  3.348588e+01 
 -3.920000e+00  3.243651e+01 
 -3.910000e+00  3.111203e+01 
 -3.900000e+00  2.958114e+01 
 -3.890000e+00  2.791612e+01 
 -3.880000e+00  2.618905e+01 
 -3.870000e+00  2.446867e+01 
 -3.860000e+00  2.281816e+01 
 -3.850000e+00  2.129379e+01 
 -3.840000e+00  1.994426e+01 
 -3.830000e+00  1.881045e+01 
 -3.820000e+00  1.792532e+01 
 -3.810000e+00  1.731363e+01 
 -3.800000e+00  1.699130e+01 
 -3.790000e+00  1.696441e+01 
 -3.780000e+00  1.722796e+01 
 -3.770000e+00  1.776460e+01 
 -3.760000e+00  1.854381e+01 
 -3.750000e+00  1.952178e+01 
 -3.740000e+00  2.064237e+01 
 -3.730000e+00  2.183931e+01 
 -3.720000e+00  2.303957e+01 
 -3.710000e+00  2.416784e+01 
 -3.700000e+00  2.515156e+01 
 -3.690000e+00  2.592618e+01 
 -3.680000e+00  2.643990e+01 
 -3.670000e+00  2.665749e+01 
 -3.660000e+00  2.656280e+01 
 -3.650000e+00  2.615948e+01 
 -3.640000e+00  2.547003e+01 
 -3.630000e+00  2.453330e+01 
 -3.620000e+00  2.340058e+01 
 -3.610000e+00  2.213093e+01 
 -3.600000e+00  2.078611e+01 
 -3.590000e+00  1.942567e+01 
 -3.580000e+00  1.810274e+01 
 -3.570000e+00  1.686070e+01 
 -3.560000e+00  1.573115e+01 
 -3.550000e+00  1.473304e+01 
 -3.540000e+00  1.387298e+01 
 -3.530000e+00  1.314658e+01 
 -3.520000e+00  1.254036e+01 
 -3.510000e+00  1.203411e+01 
 -3.500000e+00  1.160342e+01 
 -3.490000e+00  1.122204e+01 
 -3.480000e+00  1.086395e+01 
 -3.470000e+00  1.050524e+01 
 -3.460000e+00  1.012541e+01 
 -3.450000e+00  9.708461e+00 
 -3.440000e+00  9.243519e+00 
 -3.430000e+00  8.725174e+00 
 -3.420000e+00  8.153438e+00 
 -3.410000e+00  7.533392e+00 
 -3.400000e+00  6.874509e+00 
 -3.390000e+00  6.189700e+00 
 -3.380000e+00  5.494145e+00 
 -3.370000e+00  4.804003e+00 
 -3.360000e+00  4.135127e+00 
 -3.350000e+00  3.501881e+00 
 -3.340000e+00  2.916201e+00 
 -3.330000e+00  2.386939e+00 
 -3.320000e+00  1.919565e+00 
 -3.310000e+00  1.516191e+00 
 -3.300000e+00  1.175890e+00 
 -3.290000e+00  8.952224e-01 
 -3.280000e+00  6.688847e-01 
 -3.270000e+00  4.903955e-01 
 -3.260000e+00  3.527335e-01 
 -3.250000e+00  2.488814e-01 
 -3.240000e+00  1.722397e-01 
 -3.230000e+00  1.169031e-01 
 -3.220000e+00  7.780994e-02 
 -3.210000e+00  5.078475e-02 
 -3.200000e+00  3.250176e-02 
 -3.190000e+00  2.039745e-02 
 -3.180000e+00  1.255640e-02 
 -3.170000e+00  7.590046e-03 
 -3.160000e+00  4.521964e-03 
 -3.150000e+00  2.688151e-03 
 -3.140000e+00  1.656262e-03 
 -3.130000e+00  1.165091e-03 
 -3.120000e+00  1.083826e-03 
 -3.110000e+00  1.390083e-03 
 -3.100000e+00  2.165879e-03 
 -3.090000e+00  3.611306e-03 
 -3.080000e+00  6.076286e-03 
 -3.070000e+00  1.011108e-02 
 -3.060000e+00  1.653595e-02 
 -3.050000e+00  2.652883e-02 
 -3.040000e+00  4.172757e-02 
 -3.030000e+00  6.433870e-02 
 -3.020000e+00  9.723990e-02 
 -3.010000e+00  1.440567e-01 
 -3.000000e+00  2.091883e-01 
 -2.990000e+00  2.977526e-01 
 -2.980000e+00  4.154205e-01 
 -2.970000e+00  5.681126e-01 
 -2.960000e+00  7.615441e-01 
 -2.950000e+00  1.000621e+00 
 -2.940000e+00  1.288720e+00 
 -2.930000e+00  1.626903e+00 
 -2.920000e+00  2.013162e+00 
 -2.910000e+00  2.441799e+00 
 -2.900000e+00  2.903054e+00 
 -2.890000e+00  3.383098e+00 
 -2.880000e+00  3.864454e+00 
 -2.870000e+00  4.326889e+00 
 -2.860000e+00  4.748730e+00 
 -2.850000e+00  5.108500e+00 
 -2.840000e+00  5.386708e+00 
 -2.830000e+00  5.567596e+00 
 -2.820000e+00  5.640613e+00 
 -2.810000e+00  5.601438e+00 
 -2.800000e+00  5.452401e+00 
 -2.790000e+00  5.202260e+00 
 -2.780000e+00  4.865354e+00 
 -2.770000e+00  4.460251e+00 
 -2.760000e+00  4.008069e+00 
 -2.750000e+00  3.530696e+00 
 -2.740000e+00  3.049101e+00 
 -2.730000e+00  2.581939e+00 
 -2.720000e+00  2.144569e+00 
 -2.710000e+00  1.748541e+00 
 -2.700000e+00  1.401558e+00 
 -2.690000e+00  1.107834e+00 
 -2.680000e+00  8.687574e-01 
 -2.670000e+00  6.837346e-01 
 -2.660000e+00  5.510858e-01 
 -2.650000e+00  4.688871e-01 
 -2.640000e+00  4.356647e-01 
 -2.630000e+00  4.508800e-01 
 -2.620000e+00  5.151637e-01 
 -2.610000e+00  6.302864e-01 
 -2.600000e+00  7.988743e-01 
 -2.590000e+00  1.023901e+00 
 -2.580000e+00  1.308012e+00 
 -2.570000e+00  1.652755e+00 
 -2.560000e+00  2.057816e+00 
 -2.550000e+00  2.520357e+00 
 -2.540000e+00  3.034568e+00 
 -2.530000e+00  3.591507e+00 
 -2.520000e+00  4.179295e+00 
 -2.510000e+00  4.783654e+00 
 -2.500000e+00  5.388747e+00 
 -2.490000e+00  5.978215e+00 
 -2.480000e+00  6.536266e+00 
 -2.470000e+00  7.048660e+00 
 -2.460000e+00  7.503451e+00 
 -2.450000e+00  7.891400e+00 
 -2.440000e+00  8.206010e+00 
 -2.430000e+00  8.443260e+00 
 -2.420000e+00  8.601126e+00 
 -2.410000e+00  8.679071e+00 
 -2.400000e+00  8.677653e+00 
 -2.390000e+00  8.598387e+00 
 -2.380000e+00  8.443936e+00 
 -2.370000e+00  8.218614e+00 
 -2.360000e+00  7.929103e+00 
 -2.350000e+00  7.585227e+00 
 -2.340000e+00  7.200589e+00 
 -2.330000e+00  6.792888e+00 
 -2.320000e+00  6.383754e+00 
 -2.310000e+00  5.998036e+00 
 -2.300000e+00  5.662534e+00 
 -2.290000e+00  5.404253e+00 
 -2.280000e+00  5.248321e+00 
 -2.270000e+00  5.215773e+00 
 -2.260000e+00  5.321403e+00 
 -2.250000e+00  5.571931e+00 
 -2.240000e+00  5.964668e+00 
 -2.230000e+00  6.486886e+00 
 -2.220000e+00  7.116004e+00 
 -2.210000e+00  7.820661e+00 
 -2.200000e+00  8.562678e+00 
 -2.190000e+00  9.299768e+00 
 -2.180000e+00  9.988824e+00 
 -2.170000e+00  1.058947e+01 
 -2.160000e+00  1.106753e+01 
 -2.150000e+00  1.139799e+01 
 -2.140000e+00  1.156723e+01 
 -2.130000e+00  1.157395e+01 
 -2.120000e+00  1.142904e+01 
 -2.110000e+00  1.115399e+01 
 -2.100000e+00  1.077829e+01 
 -2.090000e+00  1.033591e+01 
 -2.080000e+00  9.861576e+00 
 -2.070000e+00  9.386926e+00 
 -2.060000e+00  8.937400e+00 
 -2.050000e+00  8.529968e+00 
 -2.040000e+00  8.172071e+00 
 -2.030000e+00  7.861806e+00 
 -2.020000e+00  7.589262e+00 
 -2.010000e+00  7.338772e+00 
 -2.000000e+00  7.091693e+00 
 -1.990000e+00  6.829329e+00 
 -1.980000e+00  6.535595e+00 
 -1.970000e+00  6.199071e+00 
 -1.960000e+00  5.814272e+00 
 -1.950000e+00  5.382005e+00 
 -1.940000e+00  4.908900e+00 
 -1.930000e+00  4.406256e+00 
 -1.920000e+00  3.888446e+00 
 -1.910000e+00  3.371146e+00 
 -1.900000e+00  2.869638e+00 
 -1.890000e+00  2.397388e+00 
 -1.880000e+00  1.965045e+00 
 -1.870000e+00  1.579892e+00 
 -1.860000e+00  1.245752e+00 
 -1.850000e+00  9.632590e-01 
 -1.840000e+00  7.303965e-01 
 -1.830000e+00  5.431866e-01 
 -1.820000e+00  3.964157e-01 
 -1.810000e+00  2.843189e-01 
 -1.800000e+00  2.011672e-01 
 -1.790000e+00  1.417316e-01 
 -1.780000e+00  1.016277e-01 
 -1.770000e+00  7.755948e-02 
 -1.760000e+00  6.749252e-02 
 -1.750000e+00  7.078716e-02 
 -1.740000e+00  8.831626e-02 
 -1.730000e+00  1.225805e-01 
 -1.720000e+00  1.778177e-01 
 -1.710000e+00  2.600846e-01 
 -1.700000e+00  3.772729e-01 
 -1.690000e+00  5.390079e-01 
 -1.680000e+00  7.563689e-01 
 -1.670000e+00  1.041378e+00 
 -1.660000e+00  1.406220e+00 
 -1.650000e+00  1.862180e+00 
 -1.640000e+00  2.418354e+00 
 -1.630000e+00  3.080197e+00 
 -1.620000e+00  3.848092e+00 
 -1.610000e+00  4.716089e+00 
 -1.600000e+00  5.671061e+00 
 -1.590000e+00  6.692445e+00 
 -1.580000e+00  7.752733e+00 
 -1.570000e+00  8.818762e+00 
 -1.560000e+00  9.853754e+00 
 -1.550000e+00  1.081991e+01 
 -1.540000e+00  1.168131e+01 
 -1.530000e+00  1.240669e+01 
 -1.520000e+00  1.297186e+01 
 -1.510000e+00  1.336127e+01 
 -1.500000e+00  1.356872e+01 
 -1.490000e+00  1.359702e+01 
 -1.480000e+00  1.345671e+01 
 -1.470000e+00  1.316426e+01 
 -1.460000e+00  1.273979e+01 
 -1.450000e+00  1.220498e+01 
 -1.440000e+00  1.158124e+01 
 -1.430000e+00  1.088848e+01 
 -1.420000e+00  1.014448e+01 
 -1.410000e+00  9.364908e+00 
 -1.400000e+00  8.563711e+00 
 -1.390000e+00  7.753745e+00 
 -1.380000e+00  6.947409e+00 
 -1.370000e+00  6.157107e+00 
 -1.360000e+00  5.395434e+00 
 -1.350000e+00  4.675091e+00 
 -1.340000e+00  4.008554e+00 
 -1.330000e+00  3.407621e+00 
 -1.320000e+00  2.882931e+00 
 -1.310000e+00  2.443552e+00 
 -1.300000e+00  2.096683e+00 
 -1.290000e+00  1.847484e+00 
 -1.280000e+00  1.698993e+00 
 -1.270000e+00  1.652075e+00 
 -1.260000e+00  1.705351e+00 
 -1.250000e+00  1.855070e+00 
 -1.240000e+00  2.094932e+00 
 -1.230000e+00  2.415899e+00 
 -1.220000e+00  2.806101e+00 
 -1.210000e+00  3.250908e+00 
 -1.200000e+00  3.733292e+00 
 -1.190000e+00  4.234527e+00 
 -1.180000e+00  4.735235e+00 
 -1.170000e+00  5.216716e+00 
 -1.160000e+00  5.662427e+00 
 -1.150000e+00  6.059416e+00 
 -1.140000e+00  6.399506e+00 
 -1.130000e+00  6.680019e+00 
 -1.120000e+00  6.903911e+00 
 -1.110000e+00  7.079245e+00 
 -1.100000e+00  7.218078e+00 
 -1.090000e+00  7.334888e+00 
 -1.080000e+00  7.444794e+00 
 -1.070000e+00  7.561830e+00 
 -1.060000e+00  7.697531e+00 
 -1.050000e+00  7.860011e+00 
 -1.040000e+00  8.053642e+00 
 -1.030000e+00  8.279296e+00 
 -1.020000e+00  8.535024e+00 
 -1.010000e+00  8.816948e+00 
 -1.000000e+00  9.120156e+00 
 -9.900000e-01  9.439355e+00 
 -9.800000e-01  9.769164e+00 
 -9.700000e-01  1.010399e+01 
 -9.600000e-01  1.043756e+01 
 -9.500000e-01  1.076225e+01 
 -9.400000e-01  1.106849e+01 
 -9.300000e-01  1.134431e+01 
 -9.200000e-01  1.157537e+01 
 -9.100000e-01  1.174551e+01 
 -9.000000e-01  1.183775e+01 
 -8.900000e-01  1.183573e+01 
 -8.800000e-01  1.172538e+01 
 -8.700000e-01  1.149653e+01 
 -8.600000e-01  1.114433e+01 
 -8.500000e-01  1.067018e+01 
 -8.400000e-01  1.008204e+01 
 -8.300000e-01  9.394161e+00 
 -8.200000e-01  8.626126e+00 
 -8.100000e-01  7.801438e+00 
 -8.000000e-01  6.945764e+00 
 -7.900000e-01  6.085063e+00 
 -7.800000e-01  5.243806e+00 
 -7.700000e-01  4.443461e+00 
 -7.600000e-01  3.701376e+00 
 -7.500000e-01  3.030127e+00 
 -7.400000e-01  2.437353e+00 
 -7.300000e-01  1.926009e+00 
 -7.200000e-01  1.494968e+00 
 -7.100000e-01  1.139843e+00 
 -7.000000e-01  8.539319e-01 
 -6.900000e-01  6.291606e-01 
 -6.800000e-01  4.569542e-01 
 -6.700000e-01  3.289766e-01 
 -6.600000e-01  2.377131e-01 
 -6.500000e-01  1.768932e-01 
 -6.400000e-01  1.417686e-01 
 -6.300000e-01  1.292675e-01 
 -6.200000e-01  1.380479e-01 
 -6.100000e-01  1.684655e-01 
 -6.000000e-01  2.224587e-01 
 -5.900000e-01  3.033478e-01 
 -5.800000e-01  4.155305e-01 
 -5.700000e-01  5.640590e-01 
 -5.600000e-01  7.540867e-01 
 -5.500000e-01  9.901882e-01 
 -5.400000e-01  1.275579e+00 
 -5.300000e-01  1.611286e+00 
 -5.200000e-01  1.995359e+00 
 -5.100000e-01  2.422218e+00 
 -5.000000e-01  2.882253e+00 
 -4.900000e-01  3.361789e+00 
 -4.800000e-01  3.843486e+00 
 -4.700000e-01  4.307201e+00 
 -4.600000e-01  4.731289e+00 
 -4.500000e-01  5.094225e+00 
 -4.400000e-01  5.376392e+00 
 -4.300000e-01  5.561833e+00 
 -4.200000e-01  5.639740e+00 
 -4.100000e-01  5.605499e+00 
 -4.000000e-01  5.461144e+00 
 -3.900000e-01  5.215153e+00 
 -3.800000e-01  4.881628e+00 
 -3.700000e-01  4.478951e+00 
 -3.600000e-01  4.028117e+00 
 -3.500000e-01  3.550929e+00 
 -3.400000e-01  3.068287e+00 
 -3.300000e-01  2.598748e+00 
 -3.200000e-01  2.157478e+00 
 -3.100000e-01  1.755669e+00 
 -3.000000e-01  1.400403e+00 
 -2.900000e-01  1.094908e+00 
 -2.800000e-01  8.391051e-01 
 -2.700000e-01  6.303317e-01 
 -2.600000e-01  4.641262e-01 
 -2.500000e-01  3.349786e-01 
 -2.400000e-01  2.369803e-01 
 -2.300000e-01  1.643317e-01 
 -2.200000e-01  1.116978e-01 
 -2.100000e-01  7.441871e-02 
 -2.000000e-01  4.859971e-02 
 -1.900000e-01  3.110995e-02 
 -1.800000e-01  1.951997e-02 
 -1.700000e-01  1.200530e-02 
 -1.600000e-01  7.237374e-03 
 -1.500000e-01  4.276644e-03 
 -1.400000e-01  2.477076e-03 
 -1.300000e-01  1.406338e-03 
 -1.200000e-01  7.826257e-04 
 -1.100000e-01  4.269064e-04 
 -1.000000e-01  2.282576e-04 
 -9.000000e-02  1.196278e-04 
 -8.000000e-02  6.145449e-05 
 -7.000000e-02  3.094507e-05 
 -6.000000e-02  1.527412e-05 
 -5.000000e-02  7.390974e-06 
 -4.000000e-02  3.508466e-06 
 -3.000000e-02  1.639589e-06 
 -2.000000e-02  7.682794e-07 
 -1.000000e-02  3.936280e-07 
 0.000000e+00  2.900394e-07 
 1.000000e-02  3.933878e-07 
 2.000000e-02  7.676512e-07 
 3.000000e-02  1.638201e-06 
 4.000000e-02  3.505540e-06 
 5.000000e-02  7.384958e-06 
 6.000000e-02  1.526202e-05 
 7.000000e-02  3.092124e-05 
 8.000000e-02  6.140852e-05 
 9.000000e-02  1.195410e-04 
 1.000000e-01  2.280970e-04 
 1.100000e-01  4.266154e-04 
 1.200000e-01  7.821095e-04 
 1.300000e-01  1.405441e-03 
 1.400000e-01  2.475552e-03 
 1.500000e-01  4.274108e-03 
 1.600000e-01  7.233241e-03 
 1.700000e-01  1.199871e-02 
 1.800000e-01  1.950969e-02 
 1.900000e-01  3.109425e-02 
 2.000000e-01  4.857626e-02 
 2.100000e-01  7.438445e-02 
 2.200000e-01  1.116489e-01 
 2.300000e-01  1.642633e-01 
 2.400000e-01  2.368869e-01 
 2.500000e-01  3.348540e-01 
 2.600000e-01  4.639638e-01 
 2.700000e-01  6.301252e-01 
 2.800000e-01  8.388488e-01 
 2.900000e-01  1.094598e+00 
 3.000000e-01  1.400038e+00 
 3.100000e-01  1.755249e+00 
 3.200000e-01  2.157010e+00 
 3.300000e-01  2.598242e+00 
 3.400000e-01  3.067758e+00 
 3.500000e-01  3.550395e+00 
 3.600000e-01  4.027602e+00 
 3.700000e-01  4.478480e+00 
 3.800000e-01  4.881227e+00 
 3.900000e-01  5.214851e+00 
 4.000000e-01  5.460969e+00 
 4.100000e-01  5.605484e+00 
 4.200000e-01  5.639927e+00 
 4.300000e-01  5.562289e+00 
 4.400000e-01  5.377225e+00 
 4.500000e-01  5.095623e+00 
 4.600000e-01  4.733575e+00 
 4.700000e-01  4.310917e+00 
 4.800000e-01  3.849520e+00 
 4.900000e-01  3.371553e+00 
 5.000000e-01  2.897930e+00 
 5.100000e-01  2.447103e+00 
 5.200000e-01  2.034287e+00 
 5.300000e-01  1.671173e+00 
 5.400000e-01  1.366059e+00 
 5.500000e-01  1.124320e+00 
 5.600000e-01  9.490847e-01 
 5.700000e-01  8.419619e-01 
 5.800000e-01  8.036985e-01 
 5.900000e-01  8.346412e-01 
 6.000000e-01  9.349402e-01 
 6.100000e-01  1.104466e+00 
 6.200000e-01  1.342464e+00 
 6.300000e-01  1.647019e+00 
 6.400000e-01  2.014428e+00 
 6.500000e-01  2.438629e+00 
 6.600000e-01  2.910809e+00 
 6.700000e-01  3.419318e+00 
 6.800000e-01  3.949969e+00 
 6.900000e-01  4.486747e+00 
 7.000000e-01  5.012882e+00 
 7.100000e-01  5.512158e+00 
 7.200000e-01  5.970286e+00 
 7.300000e-01  6.376123e+00 
 7.400000e-01  6.722538e+00 
 7.500000e-01  7.006749e+00 
 7.600000e-01  7.230061e+00 
 7.700000e-01  7.397016e+00 
 7.800000e-01  7.514080e+00 
 7.900000e-01  7.588101e+00 
 8.000000e-01  7.624779e+00 
 8.100000e-01  7.627444e+00 
 8.200000e-01  7.596353e+00 
 8.300000e-01  7.528634e+00 
 8.400000e-01  7.418892e+00 
 8.500000e-01  7.260361e+00 
 8.600000e-01  7.046396e+00 
 8.700000e-01  6.772034e+00 
 8.800000e-01  6.435352e+00 
 8.900000e-01  6.038395e+00 
 9.000000e-01  5.587521e+00 
 9.100000e-01  5.093138e+00 
 9.200000e-01  4.568888e+00 
 9.300000e-01  4.030426e+00 
 9.400000e-01  3.494006e+00 
 9.500000e-01  2.975077e+00 
 9.600000e-01  2.487073e+00 
 9.700000e-01  2.040544e+00 
 9.800000e-01  1.642676e+00 
 9.900000e-01  1.297218e+00 
 1.000000e+00  1.004743e+00 
 1.010000e+00  7.631677e-01 
 1.020000e+00  5.684106e-01 
 1.030000e+00  4.150933e-01 
 1.040000e+00  2.971959e-01 
 1.050000e+00  2.086083e-01 
 1.060000e+00  1.435472e-01 
 1.070000e+00  9.683209e-02 
 1.080000e+00  6.403163e-02 
 1.090000e+00  4.150616e-02 
 1.100000e+00  2.637345e-02 
 1.110000e+00  1.642679e-02 
 1.120000e+00  1.002920e-02 
 1.130000e+00  6.002114e-03 
 1.140000e+00  3.520989e-03 
 1.150000e+00  2.024629e-03 
 1.160000e+00  1.141157e-03 
 1.170000e+00  6.304686e-04 
 1.180000e+00  3.414275e-04 
 1.190000e+00  1.812383e-04 
 1.200000e+00  9.430126e-05 
 1.210000e+00  4.809506e-05 
 1.220000e+00  2.404356e-05 
 1.230000e+00  1.178181e-05 
 1.240000e+00  5.659002e-06 
 1.250000e+00  2.664296e-06 
 1.260000e+00  1.229531e-06 
 1.270000e+00  5.561746e-07 
 1.280000e+00  2.466023e-07 
 1.290000e+00  1.071759e-07 
 1.300000e+00  4.565746e-08 
 1.310000e+00  1.906516e-08 
 1.320000e+00  7.803399e-09 
 1.330000e+00  3.130718e-09 
 1.340000e+00  1.231230e-09 
 1.350000e+00  4.748040e-10 
 1.360000e+00  1.800202e-10 
 1.370000e+00  6.850716e-11 
 1.380000e+00  3.016974e-11 
 1.390000e+00  2.573034e-11 
 1.400000e+00  5.055578e-11 
 1.410000e+00  1.303065e-10 
 1.420000e+00  3.447908e-10 
 1.430000e+00  8.996469e-10 
 1.440000e+00  2.302675e-09 
 1.450000e+00  5.777620e-09 
 1.460000e+00  1.420969e-08 
 1.470000e+00  3.425587e-08 
 1.480000e+00  8.094678e-08 
 1.490000e+00  1.874901e-07 
 1.500000e+00  4.256680e-07 
 1.510000e+00  9.472791e-07 
 1.520000e+00  2.066327e-06 
 1.530000e+00  4.418085e-06 
 1.540000e+00  9.259411e-06 
 1.550000e+00  1.902159e-05 
 1.560000e+00  3.830224e-05 
 1.570000e+00  7.559895e-05 
 1.580000e+00  1.462586e-04 
 1.590000e+00  2.773583e-04 
 1.600000e+00  5.155552e-04 
 1.610000e+00  9.393407e-04 
 1.620000e+00  1.677588e-03 
 1.630000e+00  2.936713e-03 
 1.640000e+00  5.039087e-03 
 1.650000e+00  8.475324e-03 
 1.660000e+00  1.397252e-02 
 1.670000e+00  2.257915e-02 
 1.680000e+00  3.576468e-02 
 1.690000e+00  5.552841e-02 
 1.700000e+00  8.450653e-02 
 1.710000e+00  1.260606e-01 
 1.720000e+00  1.843243e-01 
 1.730000e+00  2.641800e-01 
 1.740000e+00  3.711346e-01 
 1.750000e+00  5.110660e-01 
 1.760000e+00  6.898214e-01 
 1.770000e+00  9.126631e-01 
 1.780000e+00  1.183582e+00 
 1.790000e+00  1.504529e+00 
 1.800000e+00  1.874635e+00 
 1.810000e+00  2.289535e+00 
 1.820000e+00  2.740893e+00 
 1.830000e+00  3.216261e+00 
 1.840000e+00  3.699349e+00 
 1.850000e+00  4.170754e+00 
 1.860000e+00  4.609140e+00 
 1.870000e+00  4.992784e+00 
 1.880000e+00  5.301343e+00 
 1.890000e+00  5.517648e+00 
 1.900000e+00  5.629311e+00 
 1.910000e+00  5.629947e+00 
 1.920000e+00  5.519847e+00 
 1.930000e+00  5.306019e+00 
 1.940000e+00  5.001610e+00 
 1.950000e+00  4.624779e+00 
 1.960000e+00  4.197202e+00 
 1.970000e+00  3.742388e+00 
 1.980000e+00  3.284032e+00 
 1.990000e+00  2.844574e+00 
 2.000000e+00  2.444090e+00 
 2.010000e+00  2.099578e+00 
 2.020000e+00  1.824615e+00 
 2.030000e+00  1.629304e+00 
 2.040000e+00  1.520411e+00 
 2.050000e+00  1.501555e+00 
 2.060000e+00  1.573352e+00 
 2.070000e+00  1.733440e+00 
 2.080000e+00  1.976382e+00 
 2.090000e+00  2.293482e+00 
 2.100000e+00  2.672613e+00 
 2.110000e+00  3.098174e+00 
 2.120000e+00  3.551304e+00 
 2.130000e+00  4.010432e+00 
 2.140000e+00  4.452234e+00 
 2.150000e+00  4.852941e+00 
 2.160000e+00  5.189926e+00 
 2.170000e+00  5.443406e+00 
 2.180000e+00  5.598045e+00 
 2.190000e+00  5.644273e+00 
 2.200000e+00  5.579126e+00 
 2.210000e+00  5.406501e+00 
 2.220000e+00  5.136782e+00 
 2.230000e+00  4.785888e+00 
 2.240000e+00  4.373886e+00 
 2.250000e+00  3.923345e+00 
 2.260000e+00  3.457649e+00 
 2.270000e+00  2.999478e+00 
 2.280000e+00  2.569594e+00 
 2.290000e+00  2.186056e+00 
 2.300000e+00  1.863852e+00 
 2.310000e+00  1.614923e+00 
 2.320000e+00  1.448454e+00 
 2.330000e+00  1.371311e+00 
 2.340000e+00  1.388468e+00 
 2.350000e+00  1.503315e+00 
 2.360000e+00  1.717751e+00 
 2.370000e+00  2.032049e+00 
 2.380000e+00  2.444499e+00 
 2.390000e+00  2.950914e+00 
 2.400000e+00  3.544105e+00 
 2.410000e+00  4.213457e+00 
 2.420000e+00  4.944721e+00 
 2.430000e+00  5.720130e+00 
 2.440000e+00  6.518888e+00 
 2.450000e+00  7.318052e+00 
 2.460000e+00  8.093736e+00 
 2.470000e+00  8.822547e+00 
 2.480000e+00  9.483121e+00 
 2.490000e+00  1.005757e+01 
 2.500000e+00  1.053271e+01 
 2.510000e+00  1.090092e+01 
 2.520000e+00  1.116048e+01 
 2.530000e+00  1.131545e+01 
 2.540000e+00  1.137501e+01 
 2.550000e+00  1.135235e+01 
 2.560000e+00  1.126332e+01 
 2.570000e+00  1.112486e+01 
 2.580000e+00  1.095356e+01 
 2.590000e+00  1.076439e+01 
 2.600000e+00  1.056980e+01 
 2.610000e+00  1.037927e+01 
 2.620000e+00  1.019920e+01 
 2.630000e+00  1.003325e+01 
 2.640000e+00  9.882830e+00 
 2.650000e+00  9.747767e+00 
 2.660000e+00  9.626857e+00 
 2.670000e+00  9.518327e+00 
 2.680000e+00  9.420110e+00 
 2.690000e+00  9.329961e+00 
 2.700000e+00  9.245491e+00 
 2.710000e+00  9.164201e+00 
 2.720000e+00  9.083580e+00 
 2.730000e+00  9.001303e+00 
 2.740000e+00  8.915518e+00 
 2.750000e+00  8.825129e+00 
 2.760000e+00  8.729976e+00 
 2.770000e+00  8.630819e+00 
 2.780000e+00  8.529047e+00 
 2.790000e+00  8.426125e+00 
 2.800000e+00  8.322845e+00 
 2.810000e+00  8.218542e+00 
 2.820000e+00  8.110440e+00 
 2.830000e+00  7.993317e+00 
 2.840000e+00  7.859615e+00 
 2.850000e+00  7.700043e+00 
 2.860000e+00  7.504616e+00 
 2.870000e+00  7.263984e+00 
 2.880000e+00  6.970843e+00 
 2.890000e+00  6.621181e+00 
 2.900000e+00  6.215154e+00 
 2.910000e+00  5.757438e+00 
 2.920000e+00  5.257010e+00 
 2.930000e+00  4.726374e+00 
 2.940000e+00  4.180401e+00 
 2.950000e+00  3.634914e+00 
 2.960000e+00  3.105274e+00 
 2.970000e+00  2.605118e+00 
 2.980000e+00  2.145403e+00 
 2.990000e+00  1.733847e+00 
 3.000000e+00  1.374757e+00 
